timestamp; x; y; z;
0.000000; 0.095200; -0.485092; -0.803009;
0.010012; 0.072968; -0.477768; -0.797470;
0.020024; 0.061813; -0.487457; -0.823044;
0.030036; 0.051895; -0.514847; -0.852173;
0.040049; 0.037094; -0.547256; -0.871445;
0.050061; 0.027084; -0.555191; -0.874115;
0.060073; 0.032852; -0.544800; -0.867233;
0.070085; 0.055618; -0.562317; -0.842606;
0.080097; 0.079987; -0.589111; -0.840195;
0.090109; 0.091599; -0.600937; -0.813629;
0.100121; 0.087845; -0.612198; -0.768677;
0.110134; 0.073608; -0.600128; -0.828613;
0.120146; 0.044434; -0.575684; -0.932327;
0.130158; 0.030914; -0.538651; -1.015381;
0.140170; 0.055786; -0.502625; -1.086197;
0.150182; 0.104462; -0.463760; -0.932861;
0.160194; 0.111679; -0.446854; -0.885529;
0.170206; 0.079025; -0.475220; -0.861877;
0.180219; 0.051636; -0.499512; -0.851013;
0.190231; 0.050461; -0.489151; -0.850647;
0.200243; 0.059479; -0.456131; -0.852936;
0.210255; 0.086487; -0.360153; -0.884094;
0.220267; 0.118851; -0.354355; -0.905045;
0.230279; 0.073486; -0.440765; -0.926331;
0.240291; 0.030685; -0.505005; -0.876740;
0.250304; 0.007034; -0.530609; -0.852341;
0.260316; -0.003052; -0.532730; -0.895584;
0.270328; 0.012939; -0.502487; -0.892746;
0.280340; 0.036652; -0.459106; -0.868286;
0.290352; 0.045288; -0.456207; -0.866318;
0.300364; 0.039246; -0.473862; -0.867249;
0.310376; 0.045822; -0.483231; -0.865646;
0.320389; 0.065338; -0.469406; -0.992661;
0.330401; 0.046585; -0.469742; -0.950546;
0.340413; 0.007660; -0.480225; -0.811676;
0.350425; -0.001419; -0.480896; -0.870529;
0.360437; 0.003876; -0.497101; -0.889648;
0.370449; 0.013458; -0.496124; -0.849182;
0.380462; 0.018402; -0.482391; -0.851395;
0.390474; 0.016266; -0.474258; -0.849762;
0.400486; 0.018188; -0.479187; -0.837311;
0.410498; 0.022491; -0.488770; -0.826859;
0.420511; 0.030731; -0.491531; -0.828094;
0.430522; 0.033615; -0.492889; -0.841583;
0.440534; 0.031479; -0.507431; -0.872192;
0.450547; 0.056061; -0.510956; -0.903793;
0.460559; 0.081177; -0.509689; -0.922852;
0.470572; 0.094788; -0.509338; -0.924194;
0.480583; 0.091980; -0.521072; -0.903732;
0.490595; 0.087234; -0.537201; -0.879730;
0.500608; 0.080276; -0.549576; -0.848892;
0.510619; 0.088058; -0.548416; -0.825714;
0.520632; 0.107605; -0.555969; -0.812683;
0.530644; 0.120255; -0.561600; -0.814682;
0.540656; 0.128372; -0.549530; -0.832657;
0.550669; 0.130615; -0.533615; -0.853027;
0.560680; 0.120529; -0.530914; -0.868408;
0.570692; 0.095352; -0.527878; -0.891312;
0.580705; 0.096115; -0.507996; -0.915466;
0.590717; 0.109634; -0.478439; -0.929581;
0.600729; 0.087814; -0.480438; -0.914581;
0.610741; 0.077148; -0.491013; -0.883957;
0.620753; 0.081863; -0.504517; -0.876160;
0.630766; 0.076370; -0.524216; -0.892578;
0.640777; 0.080109; -0.518326; -0.899277;
0.650789; 0.100296; -0.495972; -0.889450;
0.660802; 0.108963; -0.481873; -0.880234;
0.670814; 0.073730; -0.497955; -0.855667;
0.680826; 0.052734; -0.501740; -0.839142;
0.690838; 0.052246; -0.499344; -0.843842;
0.700850; 0.081879; -0.493622; -0.856079;
0.710863; 0.084869; -0.487900; -0.900681;
0.720876; 0.086151; -0.489441; -0.937241;
0.730887; 0.091064; -0.502075; -0.946289;
0.740899; 0.093719; -0.511307; -0.943604;
0.750911; 0.097092; -0.521240; -0.942261;
0.760923; 0.105667; -0.523758; -0.935394;
0.770935; 0.101791; -0.517380; -0.910110;
0.780947; 0.081894; -0.512939; -0.870392;
0.790960; 0.063202; -0.516083; -0.817017;
0.800973; 0.051620; -0.521317; -0.761002;
0.810984; 0.047226; -0.518097; -0.734131;
0.820996; 0.023682; -0.501999; -0.770172;
0.831008; 0.007095; -0.480667; -0.815887;
0.841021; 0.031448; -0.445786; -0.841110;
0.851032; 0.040695; -0.417191; -0.899490;
0.861045; 0.029922; -0.412674; -0.968628;
0.871057; 0.029495; -0.417953; -0.994949;
0.881070; 0.032532; -0.422333; -0.988861;
0.891081; 0.026215; -0.435898; -0.967041;
0.901093; 0.007095; -0.452484; -0.929352;
0.911105; -0.005402; -0.463074; -0.899094;
0.921118; -0.003876; -0.469757; -0.857391;
0.931131; 0.001648; -0.475693; -0.812302;
0.941142; 0.000107; -0.473801; -0.775757;
0.951154; 0.003891; -0.472244; -0.748428;
0.961166; 0.018127; -0.469238; -0.770935;
0.971178; 0.013687; -0.470566; -0.856247;
0.981190; 0.031174; -0.458939; -0.922089;
0.991203; 0.062057; -0.436661; -0.971725;
1.001215; 0.072662; -0.424423; -1.004745;
1.011228; 0.067535; -0.425369; -1.013397;
1.021239; 0.055893; -0.431305; -0.999924;
1.031251; 0.051666; -0.443954; -0.963348;
1.041263; 0.048676; -0.466766; -0.909912;
1.051275; 0.040161; -0.494904; -0.847656;
1.061287; 0.030716; -0.520355; -0.798660;
1.071300; 0.028656; -0.540604; -0.753387;
1.081312; 0.035965; -0.548889; -0.721863;
1.091325; 0.030518; -0.561920; -0.697571;
1.101336; 0.040054; -0.570999; -0.704071;
1.111348; 0.073013; -0.550323; -0.769943;
1.121360; 0.096497; -0.512115; -0.877823;
1.131372; 0.107315; -0.487686; -0.979065;
1.141386; 0.121948; -0.483002; -1.034286;
1.151397; 0.122177; -0.478363; -1.052017;
1.161409; 0.107132; -0.468033; -1.036758;
1.171422; 0.085999; -0.466843; -0.983093;
1.181433; 0.062241; -0.484055; -0.907715;
1.191445; 0.041656; -0.514328; -0.828186;
1.201458; 0.025803; -0.543488; -0.750137;
1.211470; 0.018524; -0.564667; -0.686371;
1.221483; 0.019470; -0.573563; -0.646683;
1.231494; 0.007950; -0.583588; -0.639435;
1.241506; 0.049194; -0.547104; -0.677124;
1.251518; 0.076569; -0.495651; -0.797714;
1.261530; 0.086945; -0.470108; -0.944092;
1.271544; 0.105286; -0.451859; -1.021790;
1.281555; 0.110245; -0.434250; -1.047501;
1.291567; 0.100281; -0.421936; -1.045105;
1.301580; 0.085159; -0.424759; -1.008850;
1.311591; 0.069519; -0.444595; -0.962418;
1.321603; 0.059662; -0.477539; -0.914062;
1.331615; 0.047318; -0.513031; -0.871780;
1.341628; 0.040604; -0.537384; -0.830902;
1.351641; 0.047165; -0.551422; -0.786652;
1.361652; 0.048645; -0.556107; -0.756531;
1.371664; 0.054901; -0.549271; -0.745438;
1.381677; 0.066589; -0.524185; -0.776077;
1.391688; 0.059280; -0.506485; -0.869232;
1.401700; 0.075760; -0.487427; -0.945190;
1.411713; 0.096817; -0.466385; -0.983292;
1.421725; 0.099335; -0.453430; -0.999573;
1.431737; 0.093903; -0.450363; -0.979706;
1.441749; 0.082718; -0.460236; -0.939606;
1.451761; 0.069962; -0.487823; -0.897507;
1.461773; 0.057816; -0.521637; -0.864944;
1.471785; 0.052826; -0.545349; -0.832916;
1.481798; 0.053894; -0.555603; -0.795135;
1.491810; 0.055725; -0.556915; -0.764755;
1.501822; 0.062576; -0.556778; -0.748367;
1.511834; 0.081085; -0.548233; -0.755447;
1.521846; 0.099792; -0.530380; -0.797424;
1.531858; 0.100235; -0.507614; -0.877045;
1.541870; 0.100571; -0.483215; -0.951752;
1.551883; 0.102997; -0.463135; -1.003464;
1.561895; 0.098679; -0.447708; -1.019058;
1.571907; 0.085144; -0.434738; -1.006165;
1.581919; 0.070450; -0.438049; -0.975189;
1.591931; 0.059174; -0.454803; -0.925430;
1.601943; 0.049271; -0.481644; -0.870316;
1.611955; 0.043579; -0.503555; -0.819778;
1.621968; 0.039307; -0.513885; -0.779770;
1.631980; 0.040283; -0.514893; -0.751129;
1.641992; 0.032516; -0.511536; -0.746552;
1.652004; 0.018417; -0.507401; -0.769455;
1.662016; 0.033676; -0.482147; -0.820816;
1.672028; 0.049408; -0.453690; -0.890488;
1.682040; 0.058945; -0.436600; -0.973404;
1.692053; 0.067505; -0.429825; -1.029388;
1.702065; 0.069824; -0.431442; -1.049484;
1.712077; 0.069962; -0.439529; -1.031921;
1.722089; 0.066040; -0.458572; -0.987595;
1.732101; 0.055893; -0.487488; -0.925949;
1.742113; 0.053482; -0.518097; -0.855652;
1.752126; 0.056046; -0.543701; -0.793350;
1.762138; 0.061035; -0.556503; -0.752396;
1.772150; 0.037384; -0.577606; -0.732376;
1.782162; 0.044159; -0.585236; -0.728806;
1.792174; 0.077209; -0.558823; -0.750870;
1.802186; 0.086929; -0.518585; -0.827072;
1.812198; 0.098969; -0.496948; -0.901733;
1.822211; 0.113480; -0.483566; -0.947174;
1.832223; 0.115051; -0.481613; -0.962585;
1.842235; 0.107925; -0.490814; -0.955276;
1.852247; 0.095840; -0.497177; -0.930344;
1.862259; 0.082138; -0.502945; -0.898712;
1.872271; 0.066727; -0.515213; -0.853790;
1.882283; 0.052719; -0.525909; -0.797043;
1.892296; 0.053375; -0.520889; -0.746231;
1.902308; 0.043976; -0.538910; -0.709549;
1.912320; 0.029984; -0.576004; -0.696228;
1.922332; 0.020142; -0.541718; -0.738464;
1.932344; 0.030060; -0.474213; -0.821365;
1.942356; 0.053528; -0.446350; -0.905746;
1.952368; 0.071320; -0.474152; -0.975266;
1.962381; 0.065460; -0.478149; -1.012650;
1.972393; 0.063370; -0.456284; -1.015930;
1.982405; 0.059906; -0.441193; -0.982468;
1.992417; 0.040588; -0.447098; -0.933960;
2.002429; 0.027374; -0.469193; -0.878036;
2.012441; 0.019928; -0.505356; -0.840256;
2.022453; 0.021744; -0.527176; -0.832321;
2.032466; 0.022171; -0.533386; -0.826721;
2.042478; 0.043579; -0.523132; -0.835938;
2.052490; 0.068848; -0.493958; -0.884903;
2.062502; 0.076797; -0.467560; -0.943542;
2.072514; 0.075348; -0.463348; -0.992203;
2.082526; 0.069733; -0.469818; -1.019775;
2.092538; 0.063065; -0.467575; -1.002563;
2.102551; 0.052689; -0.462265; -0.950012;
2.112563; 0.032532; -0.462540; -0.888321;
2.122575; 0.010330; -0.476410; -0.831268;
2.132587; -0.001144; -0.492462; -0.772736;
2.142599; -0.000626; -0.503235; -0.726334;
2.152611; 0.006348; -0.502792; -0.703857;
2.162623; 0.026154; -0.485107; -0.705002;
2.172636; 0.028992; -0.492218; -0.746536;
2.182648; 0.026138; -0.490891; -0.825241;
2.192660; 0.043320; -0.456512; -0.922882;
2.202672; 0.066269; -0.437698; -0.990295;
2.212684; 0.076141; -0.435196; -1.011246;
2.222696; 0.075378; -0.439255; -1.000290;
2.232708; 0.065887; -0.447571; -0.974747;
2.242721; 0.054306; -0.461151; -0.940002;
2.252733; 0.050385; -0.485352; -0.892944;
2.262745; 0.047775; -0.518341; -0.847885;
2.272757; 0.048264; -0.542892; -0.822479;
2.282769; 0.061279; -0.539154; -0.828751;
2.292781; 0.073471; -0.502945; -0.878616;
2.302793; 0.075836; -0.466232; -0.940933;
2.312806; 0.092056; -0.437454; -0.996033;
2.322818; 0.099976; -0.423798; -1.045502;
2.332830; 0.095581; -0.424149; -1.076477;
2.342842; 0.091110; -0.427094; -1.076675;
2.352854; 0.075424; -0.438126; -1.036728;
2.362866; 0.049850; -0.460739; -0.956100;
2.372878; 0.013397; -0.496750; -0.864563;
2.382891; -0.012833; -0.533554; -0.766510;
2.392903; -0.019821; -0.553116; -0.658676;
2.402915; -0.007858; -0.557022; -0.570374;
2.412927; 0.005112; -0.564606; -0.526550;
2.422939; 0.003128; -0.582581; -0.540009;
2.432951; 0.038345; -0.568771; -0.598236;
2.442964; 0.054291; -0.571945; -0.689774;
2.452976; 0.060730; -0.511169; -0.837585;
2.462988; 0.086945; -0.454834; -0.972778;
2.473000; 0.126053; -0.430267; -1.052185;
2.483012; 0.148407; -0.425613; -1.104996;
2.493024; 0.125336; -0.418442; -1.140900;
2.503036; 0.112488; -0.418747; -1.133163;
2.513049; 0.112061; -0.433701; -1.086151;
2.523061; 0.104645; -0.459167; -1.023300;
2.533073; 0.092499; -0.491577; -0.952469;
2.543085; 0.074783; -0.525513; -0.889893;
2.553097; 0.057556; -0.551529; -0.833710;
2.563109; 0.054993; -0.567566; -0.779541;
2.573121; 0.054840; -0.578674; -0.741013;
2.583134; 0.050308; -0.574478; -0.729172;
2.593146; 0.038986; -0.553146; -0.755310;
2.603158; 0.030060; -0.529587; -0.826981;
2.613170; 0.039047; -0.498779; -0.916168;
2.623182; 0.056976; -0.456421; -0.968826;
2.633194; 0.064865; -0.427902; -0.969330;
2.643206; 0.051498; -0.423111; -0.941223;
2.653219; 0.029037; -0.431961; -0.899002;
2.663231; 0.014465; -0.453735; -0.852661;
2.673243; 0.015060; -0.485641; -0.799362;
2.683255; 0.020386; -0.515015; -0.747864;
2.693267; 0.021561; -0.537628; -0.713089;
2.703279; 0.041458; -0.550079; -0.693466;
2.713291; 0.072235; -0.543442; -0.722137;
2.723304; 0.076065; -0.530579; -0.816895;
2.733316; 0.080368; -0.511322; -0.904938;
2.743328; 0.096313; -0.484528; -0.959900;
2.753340; 0.096680; -0.460663; -1.010056;
2.763352; 0.087555; -0.445129; -1.046280;
2.773364; 0.083389; -0.439468; -1.038422;
2.783376; 0.069565; -0.451569; -1.005142;
2.793389; 0.049652; -0.475037; -0.957748;
2.803401; 0.034714; -0.500763; -0.890884;
2.813413; 0.026947; -0.518845; -0.827560;
2.823425; 0.026367; -0.526184; -0.779678;
2.833437; 0.032379; -0.531494; -0.744629;
2.843449; 0.045349; -0.535507; -0.727997;
2.853461; 0.056396; -0.530640; -0.747696;
2.863474; 0.058044; -0.507782; -0.820450;
2.873486; 0.062363; -0.476349; -0.915619;
2.883498; 0.076752; -0.455429; -0.977890;
2.893510; 0.080444; -0.442734; -1.008453;
2.903522; 0.073395; -0.428085; -1.017090;
2.913534; 0.061081; -0.423386; -0.995590;
2.923546; 0.047867; -0.436646; -0.955414;
2.933559; 0.038712; -0.461197; -0.911652;
2.943571; 0.034286; -0.489990; -0.868530;
2.953583; 0.029083; -0.515732; -0.832962;
2.963595; 0.027313; -0.533524; -0.809189;
2.973607; 0.027588; -0.541992; -0.790573;
2.983619; 0.032242; -0.534363; -0.767136;
2.993631; 0.032730; -0.525436; -0.752869;
3.003644; 0.028488; -0.520630; -0.753113;
3.013656; 0.037781; -0.508011; -0.782700;
3.023668; 0.044281; -0.487762; -0.835464;
3.033680; 0.047287; -0.479767; -0.863892;
3.043692; 0.049164; -0.485870; -0.880524;
3.053704; 0.037704; -0.490067; -0.901031;
3.063716; 0.039856; -0.488235; -0.919647;
3.073729; 0.058716; -0.486954; -0.953232;
3.083741; 0.071579; -0.502548; -1.007721;
3.093753; 0.106461; -0.505356; -1.028564;
3.103765; 0.124435; -0.489487; -1.053040;
3.113777; 0.110214; -0.483810; -1.095642;
3.123789; 0.109680; -0.490662; -1.099960;
3.133801; 0.110336; -0.499817; -1.062546;
3.143814; 0.093643; -0.503662; -0.998657;
3.153826; 0.068329; -0.507706; -0.908890;
3.163838; 0.037399; -0.513489; -0.806351;
3.173850; 0.004150; -0.522995; -0.723206;
3.183862; -0.013657; -0.531830; -0.660950;
3.193874; -0.020355; -0.537125; -0.602646;
3.203887; -0.026825; -0.546936; -0.557037;
3.213899; -0.032120; -0.553635; -0.532791;
3.223911; -0.019806; -0.555344; -0.547882;
3.233923; -0.004929; -0.546051; -0.625412;
3.243935; 0.020721; -0.514389; -0.736938;
3.253947; 0.046509; -0.472763; -0.868561;
3.263959; 0.060791; -0.447495; -0.989334;
3.273971; 0.082474; -0.430389; -1.055084;
3.283984; 0.104675; -0.415329; -1.064697;
3.293996; 0.099136; -0.417786; -1.041519;
3.304008; 0.071442; -0.445175; -1.003159;
3.314020; 0.050735; -0.481171; -0.964478;
3.324032; 0.040604; -0.505157; -0.928253;
3.334044; 0.041733; -0.513321; -0.907242;
3.344056; 0.039337; -0.510208; -0.911316;
3.354069; 0.036621; -0.503525; -0.917984;
3.364081; 0.045792; -0.487671; -0.907440;
3.374093; 0.054871; -0.472610; -0.897385;
3.384105; 0.061157; -0.459930; -0.902420;
3.394117; 0.052750; -0.450317; -0.909866;
3.404129; 0.044403; -0.454498; -0.916107;
3.414142; 0.046768; -0.462463; -0.927124;
3.424154; 0.048920; -0.466721; -0.942520;
3.434166; 0.054764; -0.465118; -0.943039;
3.444178; 0.057312; -0.464676; -0.922592;
3.454190; 0.046417; -0.472992; -0.887268;
3.464202; 0.038223; -0.486679; -0.845917;
3.474214; 0.031281; -0.497665; -0.808975;
3.484226; 0.032135; -0.502197; -0.784286;
3.494239; 0.049057; -0.494019; -0.789001;
3.504251; 0.043976; -0.487122; -0.850662;
3.514263; 0.042938; -0.485321; -0.923538;
3.524275; 0.072037; -0.465622; -0.958588;
3.534287; 0.078522; -0.443787; -0.984818;
3.544299; 0.066147; -0.436676; -0.989258;
3.554312; 0.056122; -0.441254; -0.960663;
3.564324; 0.040955; -0.457153; -0.920425;
3.574336; 0.028412; -0.482376; -0.877640;
3.584348; 0.023346; -0.504257; -0.830780;
3.594360; 0.022079; -0.516449; -0.787384;
3.604372; 0.016541; -0.531799; -0.757690;
3.614384; 0.016449; -0.541473; -0.745255;
3.624397; 0.036789; -0.528900; -0.758606;
3.634409; 0.055786; -0.495285; -0.826324;
3.644421; 0.058426; -0.466064; -0.919449;
3.654433; 0.069031; -0.447540; -0.981110;
3.664445; 0.077744; -0.434250; -1.005768;
3.674457; 0.071609; -0.420822; -1.001526;
3.684469; 0.057617; -0.417206; -0.973724;
3.694482; 0.040787; -0.433029; -0.933762;
3.704494; 0.030640; -0.464508; -0.893799;
3.714506; 0.022781; -0.495422; -0.857590;
3.724518; 0.022461; -0.513550; -0.828857;
3.734530; 0.030594; -0.523300; -0.814377;
3.744542; 0.036163; -0.523911; -0.815765;
3.754554; 0.045273; -0.505447; -0.833557;
3.764567; 0.045547; -0.484802; -0.874680;
3.774579; 0.052490; -0.475250; -0.898788;
3.784591; 0.057846; -0.472061; -0.900208;
3.794603; 0.047394; -0.473892; -0.895309;
3.804615; 0.039154; -0.481384; -0.881546;
3.814627; 0.037018; -0.487656; -0.867355;
3.824639; 0.041595; -0.492279; -0.853775;
3.834652; 0.047699; -0.499878; -0.846313;
3.844664; 0.053909; -0.505783; -0.844299;
3.854676; 0.054764; -0.504669; -0.861115;
3.864688; 0.048050; -0.499954; -0.881454;
3.874700; 0.048218; -0.489990; -0.896454;
3.884712; 0.049347; -0.480545; -0.910782;
3.894724; 0.055771; -0.469177; -0.920914;
3.904737; 0.063461; -0.455704; -0.918335;
3.914749; 0.065536; -0.445740; -0.912796;
3.924761; 0.058624; -0.450592; -0.918274;
3.934773; 0.049866; -0.459167; -0.930557;
3.944785; 0.040085; -0.464294; -0.939484;
3.954797; 0.035614; -0.466049; -0.928970;
3.964809; 0.034180; -0.465637; -0.901627;
3.974822; 0.031754; -0.470154; -0.873535;
3.984834; 0.030090; -0.477966; -0.849487;
3.994846; 0.032974; -0.486908; -0.830887;
4.004858; 0.038452; -0.497879; -0.822266;
4.014870; 0.048828; -0.509018; -0.820358;
4.024882; 0.058655; -0.505219; -0.835754;
4.034894; 0.055832; -0.489960; -0.880753;
4.044907; 0.061951; -0.473511; -0.931427;
4.054919; 0.077148; -0.452255; -0.977814;
4.064931; 0.075851; -0.439178; -1.014435;
4.074943; 0.064514; -0.443298; -1.021133;
4.084955; 0.052261; -0.455322; -0.990219;
4.094967; 0.037750; -0.469925; -0.938309;
4.104979; 0.021866; -0.490616; -0.884048;
4.114992; 0.009598; -0.507950; -0.846222;
4.125004; 0.008118; -0.517990; -0.812012;
4.135016; 0.009277; -0.522629; -0.780487;
4.145028; 0.014969; -0.523254; -0.754578;
4.155040; 0.024506; -0.522263; -0.733307;
4.165052; 0.038254; -0.522644; -0.727310;
4.175064; 0.055084; -0.515976; -0.747208;
4.185077; 0.061462; -0.499649; -0.806549;
4.195089; 0.069199; -0.486023; -0.881683;
4.205101; 0.088531; -0.469284; -0.944016;
4.215113; 0.093079; -0.468994; -1.006073;
4.225125; 0.086456; -0.465256; -1.030533;
4.235137; 0.074203; -0.457123; -1.000336;
4.245149; 0.059479; -0.458023; -0.946274;
4.255162; 0.040985; -0.476624; -0.889267;
4.265174; 0.030579; -0.501572; -0.839325;
4.275186; 0.031387; -0.522064; -0.802429;
4.285198; 0.029160; -0.539413; -0.777023;
4.295210; 0.031754; -0.550156; -0.761246;
4.305222; 0.052979; -0.537994; -0.780212;
4.315234; 0.067383; -0.516205; -0.844513;
4.325247; 0.080032; -0.491364; -0.918610;
4.335259; 0.093201; -0.473160; -0.979034;
4.345271; 0.092865; -0.463638; -1.000900;
4.355283; 0.075287; -0.459076; -0.987122;
4.365295; 0.054459; -0.464966; -0.949890;
4.375307; 0.036667; -0.477875; -0.908264;
4.385319; 0.025909; -0.494614; -0.871017;
4.395332; 0.017883; -0.511124; -0.840500;
4.405344; 0.016052; -0.521011; -0.814606;
4.415356; 0.022141; -0.525925; -0.790802;
4.425368; 0.024933; -0.529800; -0.771332;
4.435380; 0.024948; -0.530441; -0.757523;
4.445392; 0.031342; -0.530212; -0.755722;
4.455404; 0.045853; -0.524826; -0.775162;
4.465417; 0.060471; -0.506851; -0.841751;
4.475429; 0.061844; -0.483841; -0.925888;
4.485441; 0.062408; -0.464890; -0.990479;
4.495453; 0.068039; -0.448349; -1.014725;
4.505465; 0.064896; -0.438034; -1.004562;
4.515477; 0.046906; -0.438889; -0.968643;
4.525489; 0.029144; -0.454300; -0.921616;
4.535502; 0.021133; -0.478973; -0.878235;
4.545514; 0.017899; -0.504944; -0.836136;
4.555526; 0.019669; -0.526703; -0.797058;
4.565538; 0.022293; -0.541199; -0.766190;
4.575550; 0.022964; -0.545929; -0.752228;
4.585562; 0.042068; -0.530899; -0.757919;
4.595574; 0.066498; -0.502075; -0.812103;
4.605587; 0.078445; -0.479843; -0.889481;
4.615599; 0.082733; -0.468811; -0.966415;
4.625611; 0.094604; -0.462555; -1.027924;
4.635623; 0.098480; -0.457809; -1.047653;
4.645635; 0.084885; -0.463028; -1.030930;
4.655647; 0.056030; -0.485260; -0.984497;
4.665659; 0.034775; -0.507462; -0.927887;
4.675672; 0.030823; -0.522003; -0.868622;
4.685684; 0.032349; -0.534439; -0.812515;
4.695696; 0.033432; -0.544785; -0.763153;
4.705708; 0.035110; -0.550186; -0.727341;
4.715720; 0.038620; -0.553696; -0.706772;
4.725732; 0.052078; -0.560715; -0.705673;
4.735744; 0.071167; -0.555756; -0.748215;
4.745757; 0.075333; -0.530533; -0.829071;
4.755769; 0.081604; -0.509613; -0.924713;
4.765781; 0.104263; -0.493713; -0.995636;
4.775793; 0.100845; -0.480606; -1.037506;
4.785805; 0.088303; -0.469620; -1.039963;
4.795817; 0.070602; -0.468689; -1.013107;
4.805829; 0.053162; -0.476852; -0.971695;
4.815842; 0.039337; -0.489807; -0.924637;
4.825854; 0.029053; -0.502747; -0.873764;
4.835866; 0.022934; -0.514267; -0.822098;
4.845878; 0.018372; -0.522720; -0.775024;
4.855890; 0.011246; -0.529251; -0.731323;
4.865902; 0.009445; -0.536957; -0.693542;
4.875914; 0.012344; -0.545425; -0.668961;
4.885927; 0.020966; -0.547470; -0.672211;
4.895939; 0.034348; -0.536026; -0.725021;
4.905951; 0.048859; -0.515045; -0.815338;
4.915963; 0.063385; -0.497299; -0.904343;
4.925975; 0.075943; -0.488129; -0.975418;
4.935987; 0.071884; -0.478073; -1.014450;
4.945999; 0.054504; -0.467575; -1.015518;
4.956012; 0.043396; -0.460480; -0.979080;
4.966024; 0.033386; -0.464096; -0.929764;
4.976036; 0.022812; -0.476364; -0.874252;
4.986048; 0.016174; -0.497314; -0.815247;
4.996060; 0.014191; -0.521774; -0.765289;
5.006072; 0.018951; -0.541321; -0.725510;
5.016084; 0.026382; -0.550720; -0.696915;
5.026097; 0.044830; -0.557388; -0.696793;
5.036109; 0.067627; -0.560226; -0.749954;
5.046121; 0.075836; -0.551224; -0.856888;
5.056133; 0.090332; -0.532806; -0.958817;
5.066145; 0.113251; -0.504913; -1.037750;
5.076157; 0.115555; -0.485809; -1.094925;
5.086169; 0.106293; -0.478500; -1.099472;
5.096182; 0.097534; -0.476624; -1.066284;
5.106194; 0.078964; -0.483383; -1.001099;
5.116206; 0.054108; -0.505005; -0.923386;
5.126218; 0.036530; -0.528900; -0.841675;
5.136230; 0.032181; -0.541382; -0.765656;
5.146242; 0.028671; -0.556686; -0.700333;
5.156254; 0.025131; -0.580032; -0.658035;
5.166266; 0.032608; -0.598022; -0.642242;
5.176279; 0.063629; -0.591629; -0.654495;
5.186291; 0.104004; -0.558777; -0.710159;
5.196303; 0.127426; -0.511627; -0.813095;
5.206315; 0.134521; -0.480164; -0.947479;
5.216327; 0.145462; -0.468384; -1.062302;
5.226339; 0.149139; -0.454910; -1.135834;
5.236351; 0.134781; -0.439163; -1.146896;
5.246364; 0.103607; -0.435394; -1.094971;
5.256376; 0.069183; -0.445236; -1.019928;
5.266388; 0.041138; -0.463821; -0.938217;
5.276400; 0.019928; -0.494492; -0.861450;
5.286412; 0.009506; -0.524704; -0.789856;
5.296424; 0.014191; -0.542892; -0.724976;
5.306436; 0.017288; -0.548401; -0.674667;
5.316449; 0.014954; -0.558914; -0.639374;
5.326461; 0.014832; -0.583008; -0.622009;
5.336473; 0.020599; -0.602020; -0.626846;
5.346485; 0.039154; -0.602783; -0.662048;
5.356497; 0.072708; -0.569168; -0.735748;
5.366509; 0.089935; -0.524658; -0.867828;
5.376521; 0.100189; -0.495773; -1.004105;
5.386534; 0.101990; -0.474808; -1.102432;
5.396546; 0.100067; -0.446686; -1.137863;
5.406558; 0.090714; -0.420532; -1.107254;
5.416570; 0.065094; -0.410645; -1.031708;
5.426582; 0.035675; -0.421371; -0.955383;
5.436594; 0.019058; -0.446609; -0.882233;
5.446606; 0.010529; -0.483414; -0.823074;
5.456619; 0.012375; -0.518387; -0.774689;
5.466631; 0.014206; -0.540955; -0.738464;
5.476643; 0.013229; -0.552994; -0.722702;
5.486655; 0.017746; -0.545898; -0.738708;
5.496667; 0.034363; -0.519730; -0.804077;
5.506679; 0.058838; -0.481064; -0.885818;
5.516691; 0.081940; -0.449158; -0.970108;
5.526704; 0.099640; -0.437424; -1.048843;
5.536716; 0.099777; -0.437592; -1.093658;
5.546728; 0.084290; -0.447708; -1.081604;
5.556740; 0.059540; -0.471527; -1.027344;
5.566752; 0.039505; -0.497894; -0.965424;
5.576764; 0.033386; -0.520157; -0.905334;
5.586776; 0.027802; -0.535568; -0.851486;
5.596789; 0.019867; -0.546463; -0.801498;
5.606801; 0.014847; -0.553131; -0.756332;
5.616813; 0.012146; -0.555222; -0.721436;
5.626825; 0.007980; -0.556976; -0.697922;
5.636837; 0.007797; -0.559738; -0.687302;
5.646849; 0.019745; -0.553024; -0.697189;
5.656861; 0.034927; -0.537552; -0.750259;
5.666874; 0.046082; -0.523605; -0.837631;
5.676886; 0.065155; -0.506836; -0.939087;
5.686898; 0.082855; -0.483017; -1.015137;
5.696910; 0.083298; -0.465195; -1.040344;
5.706922; 0.065598; -0.451508; -1.007965;
5.716934; 0.032990; -0.450882; -0.945236;
5.726946; 0.007217; -0.468613; -0.882080;
5.736959; -0.003906; -0.494431; -0.821350;
5.746971; -0.002655; -0.520599; -0.769348;
5.756983; -0.000092; -0.551636; -0.729416;
5.766995; -0.005524; -0.572540; -0.714264;
5.777007; -0.002228; -0.568771; -0.718643;
5.787019; 0.016861; -0.546295; -0.758301;
5.797031; 0.042313; -0.514816; -0.825500;
5.807044; 0.050903; -0.486374; -0.910950;
5.817056; 0.047501; -0.474350; -0.988098;
5.827068; 0.056030; -0.461807; -1.028183;
5.837080; 0.050705; -0.445877; -1.030777;
5.847092; 0.036331; -0.440170; -0.992554;
5.857104; 0.021088; -0.454071; -0.936432;
5.867116; 0.004929; -0.477875; -0.882690;
5.877129; -0.002228; -0.498795; -0.828934;
5.887141; -0.004379; -0.522980; -0.784576;
5.897153; -0.005981; -0.535660; -0.755661;
5.907165; 0.006577; -0.533798; -0.735107;
5.917177; 0.033463; -0.526077; -0.728363;
5.927189; 0.051208; -0.514252; -0.749939;
5.937201; 0.061615; -0.492661; -0.807251;
5.947214; 0.066193; -0.463852; -0.877853;
5.957226; 0.070251; -0.451309; -0.952957;
5.967238; 0.071060; -0.466278; -1.035217;
5.977250; 0.084229; -0.483017; -1.105438;
5.987262; 0.089249; -0.474991; -1.125763;
5.997274; 0.080856; -0.459351; -1.080490;
6.007286; 0.064224; -0.464386; -0.993866;
6.017299; 0.043701; -0.487213; -0.909164;
6.027311; 0.020706; -0.511642; -0.828186;
6.037323; 0.003418; -0.534195; -0.754211;
6.047335; -0.000290; -0.555359; -0.691437;
6.057347; 0.007843; -0.571075; -0.640869;
6.067359; 0.022858; -0.571625; -0.620209;
6.077371; 0.056580; -0.538635; -0.656235;
6.087384; 0.082718; -0.499268; -0.786438;
6.097396; 0.101761; -0.481522; -0.949951;
6.107408; 0.128494; -0.467758; -1.062988;
6.117420; 0.138535; -0.443680; -1.143967;
6.127432; 0.128464; -0.422363; -1.154297;
6.137444; 0.106125; -0.422073; -1.084915;
6.147456; 0.071442; -0.450027; -0.998688;
6.157469; 0.042969; -0.485062; -0.930191;
6.167481; 0.032562; -0.511337; -0.864532;
6.177493; 0.031448; -0.537155; -0.798080;
6.187505; 0.028763; -0.561920; -0.736145;
6.197517; 0.022339; -0.577469; -0.683563;
6.207529; 0.015808; -0.590317; -0.643021;
6.217541; 0.014862; -0.600494; -0.618927;
6.227554; 0.039093; -0.593582; -0.622513;
6.237566; 0.072678; -0.565689; -0.696732;
6.247578; 0.093124; -0.538010; -0.834610;
6.257590; 0.115250; -0.511002; -0.980820;
6.267602; 0.138657; -0.491974; -1.081100;
6.277614; 0.144623; -0.478317; -1.121277;
6.287626; 0.120972; -0.471832; -1.104950;
6.297639; 0.082855; -0.479599; -1.044952;
6.307651; 0.047440; -0.500870; -0.974503;
6.317663; 0.026199; -0.521820; -0.890121;
6.327675; 0.016129; -0.542053; -0.805725;
6.337687; 0.005585; -0.562607; -0.743378;
6.347699; -0.002289; -0.574799; -0.693634;
6.357711; -0.004669; -0.578247; -0.653687;
6.367724; -0.011154; -0.584656; -0.627899;
6.377736; -0.011948; -0.586548; -0.617889;
6.387748; 0.005554; -0.575485; -0.630615;
6.397760; 0.037674; -0.555298; -0.691406;
6.407772; 0.069077; -0.523178; -0.811966;
6.417784; 0.099564; -0.493607; -0.947754;
6.427796; 0.129150; -0.478790; -1.059525;
6.437808; 0.129074; -0.477493; -1.121109;
6.447821; 0.108154; -0.486282; -1.112411;
6.457833; 0.081970; -0.497803; -1.062454;
6.467845; 0.055557; -0.502441; -0.998444;
6.477857; 0.038834; -0.505463; -0.928223;
6.487869; 0.027802; -0.522888; -0.864059;
6.497881; 0.016373; -0.550339; -0.808655;
6.507893; 0.006927; -0.570953; -0.759186;
6.517906; -0.000793; -0.577850; -0.717087;
6.527918; -0.000992; -0.578140; -0.683685;
6.537930; -0.001373; -0.576843; -0.660721;
6.547942; 0.004105; -0.574142; -0.654495;
6.557954; 0.025360; -0.567963; -0.675232;
6.567966; 0.053421; -0.562866; -0.731949;
6.577978; 0.073349; -0.552963; -0.813568;
6.587991; 0.091705; -0.528503; -0.901337;
6.598003; 0.105591; -0.507690; -0.975220;
6.608015; 0.104843; -0.496185; -1.030273;
6.618027; 0.097076; -0.487320; -1.051910;
6.628039; 0.078964; -0.486984; -1.039841;
6.638051; 0.055405; -0.496399; -1.001129;
6.648063; 0.034988; -0.508820; -0.943893;
6.658076; 0.020432; -0.523560; -0.882477;
6.668088; 0.012939; -0.543518; -0.822220;
6.678100; 0.010361; -0.558823; -0.762772;
6.688112; 0.009888; -0.569321; -0.718857;
6.698124; 0.010590; -0.576736; -0.692841;
6.708136; 0.014923; -0.583527; -0.672531;
6.718148; 0.024231; -0.594147; -0.668060;
6.728161; 0.035217; -0.597809; -0.687073;
6.738173; 0.051987; -0.582062; -0.727722;
6.748185; 0.070984; -0.551620; -0.803207;
6.758197; 0.091888; -0.527878; -0.898849;
6.768209; 0.102982; -0.509689; -0.984207;
6.778221; 0.106064; -0.488144; -1.040054;
6.788233; 0.100616; -0.469742; -1.066681;
6.798246; 0.084274; -0.466949; -1.048752;
6.808258; 0.061859; -0.481445; -1.005402;
6.818270; 0.041306; -0.502472; -0.951859;
6.828282; 0.030334; -0.526505; -0.894211;
6.838294; 0.025482; -0.548676; -0.833496;
6.848306; 0.022034; -0.566620; -0.779922;
6.858318; 0.019241; -0.575790; -0.736908;
6.868331; 0.018585; -0.578171; -0.703522;
6.878343; 0.022766; -0.582382; -0.685638;
6.888355; 0.027557; -0.585205; -0.688065;
6.898367; 0.040375; -0.578598; -0.705765;
6.908379; 0.060822; -0.551743; -0.751129;
6.918391; 0.073181; -0.516968; -0.832352;
6.928403; 0.080231; -0.493759; -0.938950;
6.938416; 0.097061; -0.476303; -1.010895;
6.948428; 0.106476; -0.459091; -1.046249;
6.958440; 0.094559; -0.453690; -1.058533;
6.968452; 0.074097; -0.464996; -1.033875;
6.978464; 0.059052; -0.483322; -0.983490;
6.988476; 0.046158; -0.499222; -0.928513;
6.998488; 0.035004; -0.519409; -0.866730;
7.008501; 0.025558; -0.539841; -0.812912;
7.018513; 0.023392; -0.556107; -0.774551;
7.028525; 0.020050; -0.563019; -0.741180;
7.038537; 0.019119; -0.569778; -0.711914;
7.048549; 0.020538; -0.580627; -0.695587;
7.058561; 0.019836; -0.581848; -0.691391;
7.068573; 0.023773; -0.570068; -0.691086;
7.078586; 0.038239; -0.552704; -0.700607;
7.088598; 0.058945; -0.538345; -0.755096;
7.098610; 0.084656; -0.525681; -0.847046;
7.108622; 0.102066; -0.512405; -0.925278;
7.118634; 0.110748; -0.503632; -0.972809;
7.128646; 0.104431; -0.505676; -1.002686;
7.138658; 0.084457; -0.506088; -1.008484;
7.148671; 0.070679; -0.501709; -0.982986;
7.158683; 0.060730; -0.500809; -0.948120;
7.168695; 0.049469; -0.505341; -0.910660;
7.178707; 0.040115; -0.514587; -0.868576;
7.188719; 0.042358; -0.524399; -0.833282;
7.198731; 0.036865; -0.530197; -0.815338;
7.208743; 0.034485; -0.527023; -0.805542;
7.218755; 0.030045; -0.518234; -0.809723;
7.228768; 0.035858; -0.495285; -0.841187;
7.238780; 0.061295; -0.468399; -0.876007;
7.248792; 0.083191; -0.446381; -0.943359;
7.258804; 0.086105; -0.432785; -1.027573;
7.268816; 0.081818; -0.431931; -1.092453;
7.278828; 0.073715; -0.441986; -1.099518;
7.288841; 0.052124; -0.458878; -1.062653;
7.298853; 0.032150; -0.469940; -1.004257;
7.308865; 0.016418; -0.472229; -0.939133;
7.318877; 0.003067; -0.487335; -0.870560;
7.328889; -0.010391; -0.513504; -0.800674;
7.338901; -0.018921; -0.532791; -0.738708;
7.348913; -0.023209; -0.542175; -0.687363;
7.358926; -0.023697; -0.550934; -0.648956;
7.368938; -0.025299; -0.560654; -0.626053;
7.378950; -0.017288; -0.565933; -0.614746;
7.388962; -0.003448; -0.565491; -0.624420;
7.398974; 0.015182; -0.556534; -0.663239;
7.408986; 0.040131; -0.528580; -0.735077;
7.418998; 0.059555; -0.478622; -0.833527;
7.429010; 0.082458; -0.446335; -0.936661;
7.439023; 0.100037; -0.439575; -1.036301;
7.449035; 0.101395; -0.437912; -1.131531;
7.459047; 0.093140; -0.432693; -1.185471;
7.469059; 0.071365; -0.432831; -1.174072;
7.479071; 0.049332; -0.440125; -1.106339;
7.489083; 0.031265; -0.448792; -1.022552;
7.499095; 0.012482; -0.472229; -0.940842;
7.509108; 0.000244; -0.503876; -0.874405;
7.519120; -0.001236; -0.529633; -0.818848;
7.529132; -0.002350; -0.549683; -0.773361;
7.539144; -0.009109; -0.561478; -0.731491;
7.549156; -0.016495; -0.566620; -0.691864;
7.559168; -0.013855; -0.569107; -0.661819;
7.569180; -0.004562; -0.572876; -0.661774;
7.579193; 0.010910; -0.566849; -0.688980;
7.589205; 0.039078; -0.542572; -0.727966;
7.599217; 0.056351; -0.507736; -0.786850;
7.609229; 0.058273; -0.477402; -0.881775;
7.619241; 0.071198; -0.449631; -0.965637;
7.629253; 0.083008; -0.430969; -1.021591;
7.639265; 0.075607; -0.428345; -1.045151;
7.649278; 0.057053; -0.432800; -1.033371;
7.659290; 0.040482; -0.442032; -0.999329;
7.669302; 0.032623; -0.455551; -0.958374;
7.679314; 0.038635; -0.468781; -0.906448;
7.689326; 0.036041; -0.492950; -0.864136;
7.699338; 0.028793; -0.524780; -0.838242;
7.709350; 0.031097; -0.548355; -0.815491;
7.719363; 0.036331; -0.561234; -0.798843;
7.729375; 0.043930; -0.564392; -0.792053;
7.739387; 0.049484; -0.558609; -0.800201;
7.749399; 0.059982; -0.542923; -0.818405;
7.759411; 0.074844; -0.515076; -0.857224;
7.769423; 0.076111; -0.496689; -0.927032;
7.779435; 0.081650; -0.492538; -0.982315;
7.789448; 0.088043; -0.482666; -1.015366;
7.799460; 0.083893; -0.466644; -1.021698;
7.809472; 0.068466; -0.464035; -0.991440;
7.819484; 0.052155; -0.474869; -0.942169;
7.829496; 0.042343; -0.488281; -0.894592;
7.839508; 0.039963; -0.495728; -0.845657;
7.849520; 0.038330; -0.505341; -0.795349;
7.859532; 0.033936; -0.517929; -0.755325;
7.869545; 0.034744; -0.524063; -0.727509;
7.879557; 0.049484; -0.523697; -0.714584;
7.889569; 0.068222; -0.525986; -0.748062;
7.899581; 0.074844; -0.532471; -0.829407;
7.909593; 0.082108; -0.539703; -0.897491;
7.919605; 0.091553; -0.537964; -0.932861;
7.929617; 0.079819; -0.537628; -0.942856;
7.939630; 0.063995; -0.535278; -0.919357;
7.949642; 0.053238; -0.530029; -0.875946;
7.959654; 0.043640; -0.529938; -0.832855;
7.969666; 0.035889; -0.536758; -0.792572;
7.979678; 0.030106; -0.546036; -0.758163;
7.989690; 0.027176; -0.550156; -0.734787;
7.999702; 0.034332; -0.544312; -0.726456;
8.009715; 0.050461; -0.515060; -0.753067;
8.019727; 0.081451; -0.476883; -0.823318;
8.029739; 0.104919; -0.459137; -0.922577;
8.039751; 0.116852; -0.451416; -1.029434;
8.049763; 0.118790; -0.434616; -1.124985;
8.059775; 0.111649; -0.425064; -1.163498;
8.069787; 0.095901; -0.430939; -1.136276;
8.079800; 0.067291; -0.445084; -1.066849;
8.089812; 0.035034; -0.459839; -0.984283;
8.099824; 0.011017; -0.475983; -0.905716;
8.109836; -0.003784; -0.496613; -0.837463;
8.119848; -0.009613; -0.513184; -0.776810;
8.129860; -0.011993; -0.525299; -0.723099;
8.139872; -0.011642; -0.537766; -0.678970;
8.149885; -0.011627; -0.547623; -0.648300;
8.159897; -0.011368; -0.556885; -0.627014;
8.169909; -0.002197; -0.564102; -0.619385;
8.179921; 0.021667; -0.562469; -0.636505;
8.189933; 0.057938; -0.545044; -0.699097;
8.199945; 0.092270; -0.506256; -0.818619;
8.209957; 0.110535; -0.477493; -0.946075;
8.219970; 0.119949; -0.473755; -1.043823;
8.229982; 0.130432; -0.458359; -1.102890;
8.239994; 0.124420; -0.438950; -1.123611;
8.250006; 0.102737; -0.435181; -1.101990;
8.260018; 0.071777; -0.446381; -1.058685;
8.270030; 0.043915; -0.460327; -0.997253;
8.280042; 0.028305; -0.472336; -0.926575;
8.290055; 0.016006; -0.488876; -0.859909;
8.300067; 0.007095; -0.503555; -0.815491;
8.310079; 0.009583; -0.511932; -0.785919;
8.320091; 0.013855; -0.514572; -0.754257;
8.330103; 0.022644; -0.511490; -0.744125;
8.340115; 0.017319; -0.500931; -0.775665;
8.350127; 0.025879; -0.485077; -0.805206;
8.360139; 0.046509; -0.462723; -0.858719;
8.370152; 0.048294; -0.452042; -0.943466;
8.380164; 0.054733; -0.450089; -0.985168;
8.390176; 0.059921; -0.446350; -0.983582;
8.400189; 0.054840; -0.435623; -0.960709;
8.410201; 0.041977; -0.432953; -0.921814;
8.420213; 0.036758; -0.441803; -0.877838;
8.430225; 0.043030; -0.454498; -0.846161;
8.440238; 0.056976; -0.459274; -0.841232;
8.450250; 0.067032; -0.453354; -0.883316;
8.460262; 0.090591; -0.434784; -0.939148;
8.470274; 0.099091; -0.412338; -1.002090;
8.480286; 0.085938; -0.403473; -1.067902;
8.490298; 0.070801; -0.402115; -1.098633;
8.500310; 0.051468; -0.409271; -1.080627;
8.510323; 0.028351; -0.420593; -1.020767;
8.520335; -0.000137; -0.447723; -0.956833;
8.530347; -0.000015; -0.485138; -0.928497;
8.540359; -0.001511; -0.487518; -0.889435;
8.550371; -0.011078; -0.476181; -0.820190;
8.560383; -0.022781; -0.501129; -0.749481;
8.570395; -0.038391; -0.534561; -0.685242;
8.580408; -0.038818; -0.542084; -0.630615;
8.590420; -0.018707; -0.528732; -0.587921;
8.600432; 0.011703; -0.505676; -0.589859;
8.610444; 0.034622; -0.481216; -0.668137;
8.620456; 0.073334; -0.447708; -0.792862;
8.630468; 0.115479; -0.406708; -0.964233;
8.640480; 0.126999; -0.385071; -1.117523;
8.650493; 0.120956; -0.376892; -1.205383;
8.660505; 0.108917; -0.364471; -1.218628;
8.670517; 0.078156; -0.363129; -1.171387;
8.680529; 0.045227; -0.364792; -1.090439;
8.690541; 0.022491; -0.368271; -1.015152;
8.700553; 0.010162; -0.384811; -0.952042;
8.710565; 0.005905; -0.414871; -0.899582;
8.720577; 0.005905; -0.451401; -0.844452;
8.730590; 0.009628; -0.480286; -0.788834;
8.740602; 0.011124; -0.507111; -0.738495;
8.750614; 0.010880; -0.540741; -0.704025;
8.760626; 0.004959; -0.564926; -0.698669;
8.770638; 0.022797; -0.547638; -0.703537;
8.780650; 0.067017; -0.501572; -0.730774;
8.790663; 0.092880; -0.460342; -0.813110;
8.800675; 0.093994; -0.448517; -0.940262;
8.810687; 0.099060; -0.458206; -1.038803;
8.820699; 0.104462; -0.460495; -1.078552;
8.830711; 0.091553; -0.452408; -1.054504;
8.840723; 0.057236; -0.451828; -0.982056;
8.850735; 0.031479; -0.463608; -0.911697;
8.860747; 0.029236; -0.478317; -0.857224;
8.870760; 0.027863; -0.499435; -0.824814;
8.880772; 0.024796; -0.522842; -0.818207;
8.890784; 0.021545; -0.528244; -0.820160;
8.900796; 0.038101; -0.510162; -0.808975;
8.910808; 0.048996; -0.489304; -0.813995;
8.920820; 0.048599; -0.481689; -0.835693;
8.930832; 0.057968; -0.479965; -0.865326;
8.940845; 0.065674; -0.476669; -0.913010;
8.950857; 0.071060; -0.469360; -0.955063;
8.960869; 0.072708; -0.470123; -0.970963;
8.970881; 0.066223; -0.469513; -0.966064;
8.980893; 0.059616; -0.459717; -0.946304;
8.990905; 0.057495; -0.455872; -0.918167;
9.000917; 0.053574; -0.471741; -0.889709;
9.010930; 0.056747; -0.492065; -0.861816;
9.020942; 0.060043; -0.512268; -0.841705;
9.030954; 0.055344; -0.531265; -0.827225;
9.040966; 0.058472; -0.543091; -0.806839;
9.050978; 0.067245; -0.547684; -0.783585;
9.060990; 0.070999; -0.546112; -0.786133;
9.071002; 0.081299; -0.541214; -0.819412;
9.081015; 0.097778; -0.532303; -0.877823;
9.091027; 0.100769; -0.519852; -0.956848;
9.101039; 0.097076; -0.503754; -1.001373;
9.111051; 0.087006; -0.491913; -0.995590;
9.121063; 0.069000; -0.483902; -0.954056;
9.131075; 0.047302; -0.479919; -0.896988;
9.141087; 0.029892; -0.485123; -0.841766;
9.151100; 0.018784; -0.505264; -0.800354;
9.161112; 0.014893; -0.522675; -0.767487;
9.171124; 0.015442; -0.531082; -0.741196;
9.181136; 0.019730; -0.531708; -0.721848;
9.191148; 0.037231; -0.521469; -0.718735;
9.201160; 0.063873; -0.498856; -0.766998;
9.211172; 0.090118; -0.489944; -0.883942;
9.221184; 0.118591; -0.476990; -0.994064;
9.231197; 0.138016; -0.454132; -1.099701;
9.241209; 0.137878; -0.441940; -1.164642;
9.251221; 0.118973; -0.447662; -1.160248;
9.261233; 0.089905; -0.463409; -1.095337;
9.271245; 0.054123; -0.483337; -1.014282;
9.281257; 0.031570; -0.507034; -0.933685;
9.291269; 0.025772; -0.519547; -0.851807;
9.301282; 0.024734; -0.533386; -0.784500;
9.311294; 0.019196; -0.554886; -0.725555;
9.321306; 0.008774; -0.572479; -0.666382;
9.331318; 0.000778; -0.583374; -0.611359;
9.341330; -0.007843; -0.590073; -0.568741;
9.351342; -0.006668; -0.593353; -0.552277;
9.361354; 0.014893; -0.582214; -0.578979;
9.371367; 0.039673; -0.547821; -0.672302;
9.381379; 0.069351; -0.499771; -0.805603;
9.391391; 0.109238; -0.455032; -0.930405;
9.401402; 0.122421; -0.431839; -1.039551;
9.411414; 0.114624; -0.409775; -1.115997;
9.421426; 0.099380; -0.389038; -1.146851;
9.431438; 0.075653; -0.391617; -1.124863;
9.441451; 0.052200; -0.409943; -1.067978;
9.451463; 0.035065; -0.425507; -1.009705;
9.461475; 0.030701; -0.441696; -0.950424;
9.471487; 0.030762; -0.466187; -0.892441;
9.481499; 0.026871; -0.499527; -0.841019;
9.491511; 0.028351; -0.530655; -0.801331;
9.501523; 0.027298; -0.552124; -0.774979;
9.511536; 0.021683; -0.571518; -0.749695;
9.521548; 0.014160; -0.583618; -0.723907;
9.531560; 0.014282; -0.579666; -0.705490;
9.541572; 0.023575; -0.558365; -0.712967;
9.551584; 0.036743; -0.530807; -0.750092;
9.561596; 0.055740; -0.501709; -0.813873;
9.571608; 0.075470; -0.477127; -0.899475;
9.581620; 0.094574; -0.467010; -0.950974;
9.591633; 0.096176; -0.467255; -0.962769;
9.601645; 0.089523; -0.467804; -0.948547;
9.611657; 0.080948; -0.466263; -0.916595;
9.621669; 0.072327; -0.471924; -0.882217;
9.631681; 0.070160; -0.488434; -0.857025;
9.641693; 0.074600; -0.509232; -0.845032;
9.651706; 0.086197; -0.520203; -0.846390;
9.661718; 0.087250; -0.517151; -0.886932;
9.671730; 0.086700; -0.510757; -0.927200;
9.681742; 0.103210; -0.496780; -0.947189;
9.691754; 0.099548; -0.483917; -0.996017;
9.701766; 0.087357; -0.476486; -1.025620;
9.711778; 0.089722; -0.467072; -1.015091;
9.721790; 0.084351; -0.461426; -0.984222;
9.731803; 0.067139; -0.470093; -0.950607;
9.741815; 0.055069; -0.483780; -0.906464;
9.751827; 0.052460; -0.502014; -0.861298;
9.761839; 0.051910; -0.520126; -0.821899;
9.771851; 0.047531; -0.536087; -0.786682;
9.781863; 0.041962; -0.543976; -0.753418;
9.791875; 0.039581; -0.546112; -0.727890;
9.801888; 0.041245; -0.543869; -0.710175;
9.811900; 0.046494; -0.544464; -0.708679;
9.821912; 0.050858; -0.551971; -0.718018;
9.831924; 0.063278; -0.554276; -0.747910;
9.841936; 0.068817; -0.546234; -0.808502;
9.851948; 0.072372; -0.532654; -0.849106;
9.861960; 0.090439; -0.518875; -0.866364;
9.871973; 0.100998; -0.497467; -0.902756;
9.881985; 0.101364; -0.483963; -0.957672;
9.891997; 0.118042; -0.471573; -0.985626;
9.902009; 0.115570; -0.465591; -1.004471;
9.912021; 0.102264; -0.470551; -1.003418;
9.922033; 0.093475; -0.477020; -0.975540;
9.932045; 0.080276; -0.480820; -0.935196;
9.942058; 0.069305; -0.492401; -0.889343;
9.952070; 0.057037; -0.507721; -0.851395;
9.962082; 0.044601; -0.524063; -0.830597;
9.972094; 0.045425; -0.542831; -0.810699;
9.982106; 0.049484; -0.567368; -0.798050;
9.992118; 0.047333; -0.576447; -0.797897;
10.002130; 0.049164; -0.566666; -0.796661;
10.012142; 0.056137; -0.551620; -0.791779;
10.022155; 0.066483; -0.536057; -0.791321;
10.032167; 0.079956; -0.521500; -0.818008;
10.042179; 0.095291; -0.508240; -0.872818;
10.052191; 0.109161; -0.497192; -0.937271;
10.062203; 0.111877; -0.497772; -0.980408;
10.072215; 0.104736; -0.493896; -0.999634;
10.082227; 0.093765; -0.486847; -0.985138;
10.092240; 0.074936; -0.490387; -0.938522;
10.102252; 0.056519; -0.499847; -0.885010;
10.112264; 0.044540; -0.506897; -0.835480;
10.122276; 0.040756; -0.512253; -0.785706;
10.132288; 0.036118; -0.523895; -0.746643;
10.142300; 0.034515; -0.531784; -0.713730;
10.152312; 0.033142; -0.535858; -0.690643;
10.162325; 0.032501; -0.542892; -0.682098;
10.172337; 0.045685; -0.540970; -0.711960;
10.182349; 0.062546; -0.521011; -0.794373;
10.192361; 0.083450; -0.491150; -0.890610;
10.202373; 0.090332; -0.480316; -0.987534;
10.212385; 0.092957; -0.479065; -1.061981;
10.222397; 0.088730; -0.472443; -1.104507;
10.232410; 0.077545; -0.464417; -1.104416;
10.242422; 0.067444; -0.458511; -1.057617;
10.252434; 0.060257; -0.454971; -0.991379;
10.262446; 0.050522; -0.456421; -0.912674;
10.272458; 0.043549; -0.475021; -0.832397;
10.282470; 0.038467; -0.507065; -0.771545;
10.292482; 0.035583; -0.528366; -0.723770;
10.302495; 0.032349; -0.540604; -0.693787;
10.312507; 0.037369; -0.547272; -0.684067;
10.322519; 0.052475; -0.544510; -0.713577;
10.332531; 0.069809; -0.520309; -0.807571;
10.342543; 0.092896; -0.487167; -0.922318;
10.352555; 0.108917; -0.458572; -1.008987;
10.362567; 0.102448; -0.446533; -1.048309;
10.372580; 0.082870; -0.445251; -1.034409;
10.382592; 0.054901; -0.442947; -0.979263;
10.392604; 0.027679; -0.448563; -0.914673;
10.402616; 0.010452; -0.466003; -0.859772;
10.412628; 0.004288; -0.484848; -0.816895;
10.422640; 0.008850; -0.498108; -0.785126;
10.432652; 0.014984; -0.506699; -0.761368;
10.442664; 0.024033; -0.515045; -0.741592;
10.452677; 0.034271; -0.518723; -0.737869;
10.462690; 0.041107; -0.505234; -0.754456;
10.472701; 0.053711; -0.485596; -0.795349;
10.482713; 0.077667; -0.467392; -0.859039;
10.492725; 0.084488; -0.454834; -0.936584;
10.502737; 0.084625; -0.456055; -0.995377;
10.512749; 0.084534; -0.464798; -1.011749;
10.522762; 0.079971; -0.477203; -0.996567;
10.532774; 0.073456; -0.492676; -0.963058;
10.542787; 0.064957; -0.514786; -0.923233;
10.552798; 0.063095; -0.533081; -0.891113;
10.562810; 0.071075; -0.542740; -0.860870;
10.572822; 0.085495; -0.549713; -0.834778;
10.582834; 0.102295; -0.551163; -0.823395;
10.592848; 0.106796; -0.533783; -0.843964;
10.602859; 0.109818; -0.515091; -0.871063;
10.612871; 0.116196; -0.505478; -0.897079;
10.622884; 0.108215; -0.499802; -0.932007;
10.632895; 0.093246; -0.497482; -0.947495;
10.642907; 0.082458; -0.498108; -0.930328;
10.652919; 0.071289; -0.501648; -0.902740;
10.662932; 0.065445; -0.506805; -0.873978;
10.672945; 0.064163; -0.512894; -0.850449;
10.682956; 0.067261; -0.520981; -0.831970;
10.692968; 0.078964; -0.525269; -0.817154;
10.702981; 0.089783; -0.524155; -0.833923;
10.712992; 0.087143; -0.529160; -0.882309;
10.723004; 0.091675; -0.518066; -0.905014;
10.733016; 0.096512; -0.495773; -0.898148;
10.743029; 0.085709; -0.486679; -0.886826;
10.753042; 0.074768; -0.484238; -0.872330;
10.763053; 0.071548; -0.487839; -0.852264;
10.773065; 0.066071; -0.505005; -0.840988;
10.783077; 0.057678; -0.525696; -0.835815;
10.793089; 0.051788; -0.538055; -0.824692;
10.803101; 0.051620; -0.539230; -0.806137;
10.813114; 0.049713; -0.539261; -0.785965;
10.823126; 0.046799; -0.539902; -0.768188;
10.833139; 0.050949; -0.544647; -0.758926;
10.843150; 0.068817; -0.541763; -0.782837;
10.853162; 0.091125; -0.528931; -0.846985;
10.863174; 0.109512; -0.530548; -0.917175;
10.873186; 0.131439; -0.519241; -0.992020;
10.883200; 0.139038; -0.487061; -1.087280;
10.893211; 0.136871; -0.472687; -1.135437;
10.903223; 0.118484; -0.474869; -1.104019;
10.913236; 0.088455; -0.479370; -1.027252;
10.923247; 0.052826; -0.486847; -0.933670;
10.933259; 0.019012; -0.505127; -0.837677;
10.943271; 0.005127; -0.526154; -0.762115;
10.953283; -0.000916; -0.548019; -0.699768;
10.963297; -0.004913; -0.564713; -0.649063;
10.973308; -0.007156; -0.570786; -0.614838;
10.983320; -0.000793; -0.576355; -0.588135;
10.993333; 0.004776; -0.585251; -0.576019;
11.003344; 0.015182; -0.588150; -0.578888;
11.013356; 0.048874; -0.576080; -0.612930;
11.023368; 0.087082; -0.544144; -0.698807;
11.033381; 0.117294; -0.504044; -0.848831;
11.043394; 0.148422; -0.473984; -1.007462;
11.053405; 0.154358; -0.469955; -1.137863;
11.063417; 0.149536; -0.469864; -1.211792;
11.073429; 0.136597; -0.457184; -1.205078;
11.083441; 0.103790; -0.447449; -1.124344;
11.093453; 0.066055; -0.444458; -1.012177;
11.103466; 0.039902; -0.450485; -0.901413;
11.113478; 0.021561; -0.482071; -0.820374;
11.123491; 0.015060; -0.517807; -0.770081;
11.133502; 0.024719; -0.540482; -0.727661;
11.143514; 0.035080; -0.558487; -0.684891;
11.153526; 0.029373; -0.569702; -0.658279;
11.163538; 0.020996; -0.578629; -0.641495;
11.173552; 0.030365; -0.590179; -0.642456;
11.183563; 0.047806; -0.585144; -0.678574;
11.193575; 0.067291; -0.551895; -0.743988;
11.203588; 0.114014; -0.506393; -0.828644;
11.213599; 0.142914; -0.475433; -0.938568;
11.223611; 0.130432; -0.469040; -1.033722;
11.233623; 0.125549; -0.467041; -1.076294;
11.243636; 0.121689; -0.464203; -1.070999;
11.253649; 0.103256; -0.464218; -1.029953;
11.263660; 0.083435; -0.465012; -0.973389;
11.273672; 0.074005; -0.470505; -0.930435;
11.283685; 0.089874; -0.482788; -0.903290;
11.293696; 0.106995; -0.491089; -0.922592;
11.303708; 0.105209; -0.493317; -0.966278;
11.313720; 0.105606; -0.498764; -0.968460;
11.323733; 0.098938; -0.505447; -0.944122;
11.333746; 0.074570; -0.513397; -0.923447;
11.343757; 0.058380; -0.513443; -0.891541;
11.353769; 0.050842; -0.514465; -0.852066;
11.363782; 0.044662; -0.523117; -0.815781;
11.373793; 0.036606; -0.535538; -0.786346;
11.383805; 0.035477; -0.544861; -0.764328;
11.393818; 0.043381; -0.550064; -0.750290;
11.403830; 0.061844; -0.549454; -0.752045;
11.413842; 0.076981; -0.542938; -0.790253;
11.423854; 0.093063; -0.523117; -0.846405;
11.433866; 0.101639; -0.495544; -0.911789;
11.443878; 0.103119; -0.486069; -0.954987;
11.453890; 0.104919; -0.486694; -0.947510;
11.463903; 0.084747; -0.491211; -0.912415;
11.473915; 0.054947; -0.503098; -0.870575;
11.483927; 0.041306; -0.518585; -0.828995;
11.493939; 0.040802; -0.534378; -0.794266;
11.503951; 0.041519; -0.548889; -0.768723;
11.513963; 0.042572; -0.564133; -0.743301;
11.523975; 0.048813; -0.576340; -0.722305;
11.533988; 0.055710; -0.586502; -0.707214;
11.544000; 0.068298; -0.595718; -0.707733;
11.554012; 0.097672; -0.587631; -0.742722;
11.564024; 0.118484; -0.561020; -0.821899;
11.574036; 0.132080; -0.538055; -0.909012;
11.584048; 0.151199; -0.523468; -0.982452;
11.594060; 0.161743; -0.505341; -1.048996;
11.604073; 0.147293; -0.495071; -1.088928;
11.614085; 0.126862; -0.495087; -1.073288;
11.624097; 0.112427; -0.500580; -1.019119;
11.634109; 0.085770; -0.512955; -0.949478;
11.644121; 0.063293; -0.529510; -0.888931;
11.654133; 0.054947; -0.540588; -0.837158;
11.664145; 0.053757; -0.551346; -0.779999;
11.674157; 0.041809; -0.566956; -0.730942;
11.684170; 0.029938; -0.584457; -0.679077;
11.694182; 0.021698; -0.594849; -0.626465;
11.704194; 0.017273; -0.599426; -0.595734;
11.714206; 0.025803; -0.598145; -0.585724;
11.724218; 0.051422; -0.585785; -0.605362;
11.734230; 0.083221; -0.561966; -0.667755;
11.744242; 0.101791; -0.543976; -0.759689;
11.754255; 0.122620; -0.528198; -0.855133;
11.764267; 0.139069; -0.518188; -0.941589;
11.774279; 0.127411; -0.528641; -0.999298;
11.784291; 0.111923; -0.544312; -1.004990;
11.794303; 0.101242; -0.540802; -0.975952;
11.804315; 0.090210; -0.534668; -0.931076;
11.814327; 0.080032; -0.537781; -0.880325;
11.824340; 0.074173; -0.553482; -0.839523;
11.834352; 0.074219; -0.579956; -0.827927;
11.844364; 0.079407; -0.589920; -0.822983;
11.854376; 0.088257; -0.574219; -0.819153;
11.864388; 0.088898; -0.552643; -0.847107;
11.874400; 0.091629; -0.539749; -0.880859;
11.884412; 0.102249; -0.520844; -0.912445;
11.894424; 0.098022; -0.502029; -0.956497;
11.904437; 0.087585; -0.500824; -0.973389;
11.914449; 0.081589; -0.511902; -0.959396;
11.924461; 0.069397; -0.522461; -0.928192;
11.934473; 0.052658; -0.532501; -0.892227;
11.944485; 0.046280; -0.536484; -0.847946;
11.954497; 0.044525; -0.538727; -0.800964;
11.964509; 0.044098; -0.545914; -0.762039;
11.974522; 0.048050; -0.558350; -0.734268;
11.984534; 0.054932; -0.561737; -0.716400;
11.994546; 0.062515; -0.554504; -0.719223;
12.004558; 0.074997; -0.543991; -0.758270;
12.014570; 0.093811; -0.525177; -0.830688;
12.024582; 0.108200; -0.509323; -0.899979;
12.034594; 0.110672; -0.511673; -0.945251;
12.044607; 0.103012; -0.520630; -0.980530;
12.054619; 0.095551; -0.523941; -0.993362;
12.064631; 0.087387; -0.521561; -0.967728;
12.074643; 0.075531; -0.526428; -0.915543;
12.084655; 0.059143; -0.543198; -0.853104;
12.094667; 0.042740; -0.561844; -0.798569;
12.104679; 0.038528; -0.576904; -0.751465;
12.114691; 0.043335; -0.583908; -0.706680;
12.124704; 0.038132; -0.586761; -0.672714;
12.134716; 0.030655; -0.586395; -0.651703;
12.144728; 0.039322; -0.587006; -0.629959;
12.154740; 0.063751; -0.583893; -0.634995;
12.164752; 0.092438; -0.571518; -0.711838;
12.174764; 0.126953; -0.544235; -0.835449;
12.184776; 0.152542; -0.517853; -0.965424;
12.194789; 0.157913; -0.519897; -1.058472;
12.204801; 0.151413; -0.519501; -1.089813;
12.214813; 0.130325; -0.510010; -1.072647;
12.224825; 0.098419; -0.505524; -1.013718;
12.234837; 0.069092; -0.516251; -0.941223;
12.244849; 0.056900; -0.538223; -0.884018;
12.254861; 0.060638; -0.556717; -0.844421;
12.264874; 0.071396; -0.567886; -0.808823;
12.274886; 0.072983; -0.577713; -0.769272;
12.284898; 0.064011; -0.585724; -0.726303;
12.294910; 0.052719; -0.596405; -0.685333;
12.304922; 0.055054; -0.600418; -0.651367;
12.314934; 0.056488; -0.603333; -0.653000;
12.324946; 0.067780; -0.591003; -0.709091;
12.334959; 0.084076; -0.564713; -0.808990;
12.344971; 0.112686; -0.538940; -0.917358;
12.354983; 0.136826; -0.527435; -1.004868;
12.364995; 0.140442; -0.512192; -1.079437;
12.375007; 0.129288; -0.493851; -1.101425;
12.385019; 0.111023; -0.488113; -1.051270;
12.395031; 0.082779; -0.495758; -0.969131;
12.405042; 0.047958; -0.513916; -0.885971;
12.415055; 0.027084; -0.539047; -0.815613;
12.425067; 0.025299; -0.559250; -0.753998;
12.435079; 0.020309; -0.578903; -0.691071;
12.445091; 0.010605; -0.595200; -0.641861;
12.455103; 0.006256; -0.606323; -0.598358;
12.465115; 0.005920; -0.617523; -0.565796;
12.475127; 0.015381; -0.619888; -0.556641;
12.485140; 0.044098; -0.604675; -0.585342;
12.495152; 0.083374; -0.574234; -0.655502;
12.505164; 0.115524; -0.540588; -0.780029;
12.515176; 0.146774; -0.515335; -0.930740;
12.525188; 0.163040; -0.512909; -1.052795;
12.535200; 0.163971; -0.513687; -1.133575;
12.545212; 0.160278; -0.498520; -1.141037;
12.555225; 0.133682; -0.495483; -1.088638;
12.565237; 0.096130; -0.511658; -1.007385;
12.575249; 0.071671; -0.524994; -0.925583;
12.585261; 0.058563; -0.544495; -0.857727;
12.595273; 0.058701; -0.565201; -0.807327;
12.605285; 0.066284; -0.584595; -0.759674;
12.615297; 0.065033; -0.604706; -0.722107;
12.625309; 0.053497; -0.620468; -0.696686;
12.635322; 0.042542; -0.634140; -0.675705;
12.645334; 0.040878; -0.636734; -0.662033;
12.655346; 0.058502; -0.612076; -0.675018;
12.665358; 0.093521; -0.572769; -0.743652;
12.675370; 0.127106; -0.530334; -0.877441;
12.685382; 0.144806; -0.497116; -1.012115;
12.695394; 0.151047; -0.490356; -1.084183;
12.705407; 0.151138; -0.496521; -1.093628;
12.715419; 0.125031; -0.503281; -1.056473;
12.725431; 0.088562; -0.506409; -0.979156;
12.735443; 0.059662; -0.519745; -0.891647;
12.745455; 0.037674; -0.546417; -0.817215;
12.755467; 0.029602; -0.566010; -0.768936;
12.765479; 0.030518; -0.571198; -0.733963;
12.775492; 0.027313; -0.579041; -0.703644;
12.785504; 0.025375; -0.589584; -0.663345;
12.795516; 0.023254; -0.599457; -0.628494;
12.805528; 0.022003; -0.605377; -0.610733;
12.815540; 0.038757; -0.597397; -0.618195;
12.825552; 0.064346; -0.578598; -0.686859;
12.835564; 0.086639; -0.554749; -0.794998;
12.845577; 0.110916; -0.532211; -0.899994;
12.855589; 0.124817; -0.527557; -0.980148;
12.865601; 0.128860; -0.517334; -1.041367;
12.875613; 0.125046; -0.497299; -1.060959;
12.885625; 0.102020; -0.495529; -1.038696;
12.895637; 0.078323; -0.506348; -0.986435;
12.905649; 0.062393; -0.516083; -0.923996;
12.915661; 0.050903; -0.532822; -0.860138;
12.925674; 0.040070; -0.557037; -0.805557;
12.935686; 0.044830; -0.579132; -0.763901;
12.945698; 0.049820; -0.592499; -0.729584;
12.955710; 0.042648; -0.602371; -0.703537;
12.965722; 0.039871; -0.614227; -0.679810;
12.975734; 0.044464; -0.617783; -0.661942;
12.985746; 0.070206; -0.599701; -0.663132;
12.995759; 0.099380; -0.572220; -0.719162;
13.005771; 0.109253; -0.557999; -0.817612;
13.015783; 0.131226; -0.544495; -0.914993;
13.025795; 0.155823; -0.521286; -0.986130;
13.035807; 0.150864; -0.518860; -1.027328;
13.045819; 0.131592; -0.526413; -1.009338;
13.055831; 0.105682; -0.523254; -0.955902;
13.065844; 0.085052; -0.522537; -0.898849;
13.075856; 0.073029; -0.537598; -0.843277;
13.085868; 0.066528; -0.564362; -0.805054;
13.095880; 0.069748; -0.579712; -0.788086;
13.105892; 0.081726; -0.584961; -0.775513;
13.115904; 0.087616; -0.598816; -0.763412;
13.125916; 0.085968; -0.620941; -0.754166;
13.135929; 0.091278; -0.633240; -0.772324;
13.145941; 0.100616; -0.620438; -0.817307;
13.155953; 0.107880; -0.595535; -0.858643;
13.165965; 0.108948; -0.579208; -0.880356;
13.175977; 0.099380; -0.567215; -0.878433;
13.185989; 0.086945; -0.557312; -0.865692;
13.196001; 0.076279; -0.548111; -0.840393;
13.206013; 0.064346; -0.544327; -0.807587;
13.216026; 0.054062; -0.550781; -0.775330;
13.226038; 0.045822; -0.560776; -0.749222;
13.236050; 0.040100; -0.568115; -0.737350;
13.246062; 0.048401; -0.562592; -0.731354;
13.256074; 0.074127; -0.541718; -0.751770;
13.266086; 0.086456; -0.521530; -0.817810;
13.276098; 0.097946; -0.519241; -0.887131;
13.286111; 0.121796; -0.519379; -0.955704;
13.296123; 0.125717; -0.518051; -1.009491;
13.306135; 0.106461; -0.522659; -1.023010;
13.316147; 0.082199; -0.535675; -0.987671;
13.326159; 0.060104; -0.555420; -0.930099;
13.336171; 0.040405; -0.570526; -0.872620;
13.346183; 0.029114; -0.585617; -0.825790;
13.356195; 0.024887; -0.599487; -0.780609;
13.366208; 0.027237; -0.603119; -0.734451;
13.376220; 0.035461; -0.600983; -0.695755;
13.386232; 0.039917; -0.601883; -0.666046;
13.396244; 0.041672; -0.605072; -0.649811;
13.406257; 0.056747; -0.598358; -0.651215;
13.416269; 0.081406; -0.570816; -0.681046;
13.426281; 0.095581; -0.548035; -0.749008;
13.436294; 0.108871; -0.539185; -0.848145;
13.446306; 0.132263; -0.529160; -0.961624;
13.456318; 0.155106; -0.519653; -1.048004;
13.466330; 0.155258; -0.509842; -1.110184;
13.476342; 0.129242; -0.512756; -1.120697;
13.486354; 0.105850; -0.523788; -1.074173;
13.496366; 0.084808; -0.531296; -0.999023;
13.506379; 0.062485; -0.540085; -0.906067;
13.516391; 0.038162; -0.559814; -0.812683;
13.526403; 0.017944; -0.584930; -0.743301;
13.536415; 0.011993; -0.602753; -0.689529;
13.546427; 0.009094; -0.611847; -0.645020;
13.556439; 0.003677; -0.618088; -0.604202;
13.566451; 0.001556; -0.625275; -0.568024;
13.576464; 0.016800; -0.617111; -0.542389;
13.586476; 0.049194; -0.591888; -0.565765;
13.596488; 0.077942; -0.571045; -0.654221;
13.606500; 0.109604; -0.557693; -0.787003;
13.616512; 0.151230; -0.543594; -0.914444;
13.626524; 0.156479; -0.541870; -1.015381;
13.636536; 0.145142; -0.548477; -1.073792;
13.646549; 0.137634; -0.548080; -1.060242;
13.656561; 0.115845; -0.547974; -1.005325;
13.666573; 0.086029; -0.542984; -0.929794;
13.676585; 0.061432; -0.545319; -0.857422;
13.686597; 0.045593; -0.564087; -0.802948;
13.696609; 0.033218; -0.583359; -0.763733;
13.706621; 0.036179; -0.586502; -0.737198;
13.716633; 0.061966; -0.570358; -0.711136;
13.726646; 0.085236; -0.543900; -0.733749;
13.736658; 0.077484; -0.525436; -0.827286;
13.746670; 0.085663; -0.519470; -0.893234;
13.756682; 0.100418; -0.508881; -0.938217;
13.766694; 0.077789; -0.502243; -0.997955;
13.776706; 0.063110; -0.501053; -1.008224;
13.786718; 0.060654; -0.498993; -0.975266;
13.796731; 0.049667; -0.494492; -0.937683;
13.806743; 0.037918; -0.495987; -0.894135;
13.816755; 0.034592; -0.509659; -0.847336;
13.826767; 0.039459; -0.530426; -0.800827;
13.836779; 0.051346; -0.543747; -0.772156;
13.846791; 0.062454; -0.547150; -0.788055;
13.856803; 0.069122; -0.543869; -0.829208;
13.866815; 0.075348; -0.536102; -0.877243;
13.876828; 0.075638; -0.527023; -0.912872;
13.886840; 0.062683; -0.519577; -0.921814;
13.896852; 0.050232; -0.512665; -0.894058;
13.906864; 0.032745; -0.509750; -0.847931;
13.916876; 0.016541; -0.520493; -0.797668;
13.926888; 0.005966; -0.549988; -0.751709;
13.936900; 0.007645; -0.572250; -0.719330;
13.946913; 0.017990; -0.582275; -0.688660;
13.956925; 0.033340; -0.582138; -0.665359;
13.966937; 0.058151; -0.560333; -0.679016;
13.976949; 0.079453; -0.535126; -0.734299;
13.986961; 0.102203; -0.521011; -0.810806;
13.996973; 0.124573; -0.506454; -0.909561;
14.006985; 0.128983; -0.501831; -0.995041;
14.016998; 0.118622; -0.509521; -1.023972;
14.027010; 0.098465; -0.510086; -1.000946;
14.037022; 0.076126; -0.506485; -0.953491;
14.047034; 0.058563; -0.512756; -0.899475;
14.057046; 0.052414; -0.537659; -0.854065;
14.067058; 0.053452; -0.569305; -0.826614;
14.077070; 0.059540; -0.590744; -0.809708;
14.087082; 0.066757; -0.596817; -0.792252;
14.097095; 0.075943; -0.594513; -0.771149;
14.107107; 0.085220; -0.587158; -0.764999;
14.117119; 0.089218; -0.576920; -0.781860;
14.127131; 0.100983; -0.559525; -0.820648;
14.137143; 0.112228; -0.538239; -0.877960;
14.147155; 0.103500; -0.529663; -0.928452;
14.157167; 0.089966; -0.530319; -0.943527;
14.167180; 0.077713; -0.531082; -0.926971;
14.177192; 0.063675; -0.531128; -0.891006;
14.187204; 0.052811; -0.537628; -0.852966;
14.197216; 0.051254; -0.545746; -0.819550;
14.207228; 0.060272; -0.552917; -0.792175;
14.217240; 0.067505; -0.559937; -0.773773;
14.227252; 0.078583; -0.570953; -0.764404;
14.237265; 0.092087; -0.577957; -0.760452;
14.247277; 0.089218; -0.571838; -0.763153;
14.257289; 0.092896; -0.564972; -0.763412;
14.267301; 0.113220; -0.560150; -0.799026;
14.277313; 0.121429; -0.557373; -0.889282;
14.287325; 0.122223; -0.555679; -0.954575;
14.297337; 0.119263; -0.552628; -0.980499;
14.307349; 0.104416; -0.549545; -0.978561;
14.317362; 0.085663; -0.545929; -0.947769;
14.327374; 0.073090; -0.540604; -0.898102;
14.337386; 0.062347; -0.543762; -0.852356;
14.347398; 0.053284; -0.554886; -0.812195;
14.357410; 0.049271; -0.563812; -0.766922;
14.367422; 0.049744; -0.571411; -0.724701;
14.377434; 0.047974; -0.584549; -0.692963;
14.387447; 0.051529; -0.601212; -0.678970;
14.397459; 0.068527; -0.597366; -0.696152;
14.407471; 0.091766; -0.569427; -0.753601;
14.417483; 0.109970; -0.545227; -0.837265;
14.427495; 0.130859; -0.531265; -0.912918;
14.437507; 0.136856; -0.524246; -0.978027;
14.447519; 0.132141; -0.525787; -1.011261;
14.457532; 0.114792; -0.534592; -1.001907;
14.467544; 0.091171; -0.545944; -0.954697;
14.477556; 0.071548; -0.556259; -0.894394;
14.487568; 0.054993; -0.568481; -0.834030;
14.497580; 0.045181; -0.587219; -0.773605;
14.507592; 0.043747; -0.601959; -0.725815;
14.517604; 0.045227; -0.609955; -0.688126;
14.527617; 0.040848; -0.617722; -0.656647;
14.537629; 0.039307; -0.627014; -0.632187;
14.547641; 0.057556; -0.618042; -0.631653;
14.557653; 0.087250; -0.591553; -0.686432;
14.567665; 0.112320; -0.562515; -0.783539;
14.577677; 0.132523; -0.544281; -0.889709;
14.587689; 0.149506; -0.537964; -0.979813;
14.597701; 0.146820; -0.545609; -1.027466;
14.607714; 0.130966; -0.552490; -1.030807;
14.617726; 0.102615; -0.552765; -0.991135;
14.627738; 0.074646; -0.554916; -0.926819;
14.637750; 0.057632; -0.559219; -0.855545;
14.647762; 0.045944; -0.574356; -0.790131;
14.657774; 0.042786; -0.593613; -0.744766;
14.667786; 0.046127; -0.606949; -0.712723;
14.677799; 0.054199; -0.608154; -0.690857;
14.687811; 0.062347; -0.602875; -0.674622;
14.697823; 0.063934; -0.606903; -0.663559;
14.707835; 0.063080; -0.612564; -0.662491;
14.717847; 0.074295; -0.602432; -0.684967;
14.727859; 0.096634; -0.579330; -0.746689;
14.737871; 0.107651; -0.566498; -0.844009;
14.747883; 0.118469; -0.557831; -0.912872;
14.757896; 0.125153; -0.551987; -0.944183;
14.767908; 0.118073; -0.551453; -0.962051;
14.777920; 0.101578; -0.544098; -0.960739;
14.787932; 0.088348; -0.536469; -0.939148;
14.797944; 0.081467; -0.535721; -0.897064;
14.807956; 0.071045; -0.545456; -0.849472;
14.817968; 0.059311; -0.556564; -0.801544;
14.827981; 0.053497; -0.565903; -0.757385;
14.837993; 0.052002; -0.577591; -0.725266;
14.848005; 0.056305; -0.587173; -0.721603;
14.858017; 0.076645; -0.585266; -0.768585;
14.868029; 0.101700; -0.565399; -0.856125;
14.878041; 0.109573; -0.552185; -0.941467;
14.888053; 0.125565; -0.541138; -0.985855;
14.898066; 0.134766; -0.514526; -1.016815;
14.908078; 0.118805; -0.500671; -1.045410;
14.918090; 0.096451; -0.507233; -1.033783;
14.928102; 0.077667; -0.516357; -0.993164;
14.938114; 0.059097; -0.525467; -0.931168;
14.948126; 0.050003; -0.534134; -0.866547;
14.958138; 0.040131; -0.547760; -0.807938;
14.968151; 0.027939; -0.566162; -0.778900;
14.978163; 0.029785; -0.576233; -0.735092;
14.988175; 0.025955; -0.589645; -0.683853;
14.998187; 0.030243; -0.599304; -0.644943;
15.008199; 0.041718; -0.597260; -0.625092;
15.018211; 0.060471; -0.580170; -0.635056;
15.028223; 0.082764; -0.556473; -0.690247;
15.038235; 0.104279; -0.545380; -0.787811;
15.048248; 0.124283; -0.545120; -0.876907;
15.058260; 0.117844; -0.558319; -0.926147;
15.068272; 0.096664; -0.566986; -0.951950;
15.078284; 0.085098; -0.556519; -0.927612;
15.088296; 0.068802; -0.554245; -0.885803;
15.098308; 0.052460; -0.560562; -0.847977;
15.108320; 0.044846; -0.574951; -0.812851;
15.118333; 0.044159; -0.596375; -0.778397;
15.128345; 0.053421; -0.607559; -0.746109;
15.138357; 0.060104; -0.608551; -0.714432;
15.148369; 0.058060; -0.607468; -0.689224;
15.158381; 0.075180; -0.597351; -0.674194;
15.168393; 0.090317; -0.575577; -0.719070;
15.178405; 0.091095; -0.571564; -0.812851;
15.188417; 0.125229; -0.555801; -0.883118;
15.198430; 0.141037; -0.550354; -0.957199;
15.208442; 0.120392; -0.571152; -1.007492;
15.218454; 0.109879; -0.575073; -0.990372;
15.228466; 0.104340; -0.566299; -0.936737;
15.238478; 0.086746; -0.575546; -0.875061;
15.248490; 0.071503; -0.596588; -0.822403;
15.258502; 0.070679; -0.610443; -0.792892;
15.268515; 0.077667; -0.610657; -0.764481;
15.278527; 0.073074; -0.615387; -0.730255;
15.288539; 0.063293; -0.624924; -0.696899;
15.298551; 0.051331; -0.623032; -0.676773;
15.308563; 0.048828; -0.608551; -0.666153;
15.318575; 0.062729; -0.587219; -0.680786;
15.328587; 0.080856; -0.560028; -0.747650;
15.338600; 0.098129; -0.528900; -0.839752;
15.348612; 0.116913; -0.510559; -0.911423;
15.358624; 0.118805; -0.508652; -0.960007;
15.368636; 0.100983; -0.517532; -0.990967;
15.378648; 0.085709; -0.527786; -0.989532;
15.388660; 0.073929; -0.530151; -0.952316;
15.398672; 0.062943; -0.538620; -0.897308;
15.408685; 0.050888; -0.557114; -0.837646;
15.418698; 0.046387; -0.577301; -0.786331;
15.428710; 0.049240; -0.596298; -0.755295;
15.438722; 0.051743; -0.606766; -0.736633;
15.448734; 0.049622; -0.610687; -0.720093;
15.458746; 0.045959; -0.619537; -0.707870;
15.468758; 0.047211; -0.621964; -0.701080;
15.478770; 0.051956; -0.609039; -0.712402;
15.488783; 0.065491; -0.580643; -0.748550;
15.498795; 0.095352; -0.549316; -0.806152;
15.508807; 0.113953; -0.521347; -0.900742;
15.518819; 0.120880; -0.515488; -0.985519;
15.528831; 0.122482; -0.525253; -1.000015;
15.538843; 0.107788; -0.536331; -0.981689;
15.548855; 0.087631; -0.534698; -0.931503;
15.558868; 0.064957; -0.530075; -0.872879;
15.568880; 0.055389; -0.541077; -0.825806;
15.578892; 0.055267; -0.563309; -0.793533;
15.588904; 0.058701; -0.586731; -0.773300;
15.598916; 0.060822; -0.602066; -0.775757;
15.608928; 0.064102; -0.605469; -0.779236;
15.618940; 0.066299; -0.612335; -0.772415;
15.628952; 0.074966; -0.614441; -0.766205;
15.638965; 0.088226; -0.596024; -0.781342;
15.648977; 0.112900; -0.569778; -0.827744;
15.658989; 0.123779; -0.559097; -0.903122;
15.669001; 0.133942; -0.560715; -0.954712;
15.679013; 0.141022; -0.561157; -0.967438;
15.689025; 0.122894; -0.557587; -0.960434;
15.699037; 0.100159; -0.555023; -0.928513;
15.709050; 0.084000; -0.557037; -0.877594;
15.719062; 0.057297; -0.573242; -0.824768;
15.729074; 0.049881; -0.579926; -0.774033;
15.739086; 0.049561; -0.585281; -0.727600;
15.749098; 0.036194; -0.594299; -0.699814;
15.759110; 0.029266; -0.607529; -0.675018;
15.769122; 0.045120; -0.610443; -0.661682;
15.779134; 0.063477; -0.599716; -0.733322;
15.789147; 0.073166; -0.582642; -0.833984;
15.799159; 0.077805; -0.570267; -0.870422;
15.809171; 0.065826; -0.576141; -0.872177;
15.819183; 0.053879; -0.578247; -0.850647;
15.829195; 0.047150; -0.580276; -0.820541;
15.839207; 0.044449; -0.589539; -0.793839;
15.849219; 0.048553; -0.599594; -0.768494;
15.859232; 0.054733; -0.605713; -0.742783;
15.869244; 0.074036; -0.604202; -0.730042;
15.879256; 0.094513; -0.593994; -0.754898;
15.889268; 0.109604; -0.578766; -0.807938;
15.899280; 0.124634; -0.569489; -0.848267;
15.909292; 0.129913; -0.569031; -0.880447;
15.919304; 0.117325; -0.565430; -0.903122;
15.929317; 0.100143; -0.565735; -0.898895;
15.939329; 0.088120; -0.575790; -0.879913;
15.949341; 0.076797; -0.581970; -0.857132;
15.959353; 0.066574; -0.585281; -0.829147;
15.969365; 0.060776; -0.594269; -0.797638;
15.979377; 0.058517; -0.604782; -0.772430;
15.989389; 0.056168; -0.613815; -0.749130;
15.999401; 0.060211; -0.627304; -0.737656;
16.009414; 0.064835; -0.632370; -0.733307;
16.019426; 0.061249; -0.624771; -0.719925;
16.029438; 0.075058; -0.606064; -0.708649;
16.039450; 0.082336; -0.584808; -0.736893;
16.049462; 0.090240; -0.571106; -0.795456;
16.059474; 0.114639; -0.563141; -0.857056;
16.069486; 0.133560; -0.554367; -0.907745;
16.079499; 0.123215; -0.553986; -0.939926;
16.089511; 0.111862; -0.564407; -0.925201;
16.099523; 0.100937; -0.575882; -0.886139;
16.109535; 0.084625; -0.581406; -0.856155;
16.119547; 0.074615; -0.583130; -0.835083;
16.129559; 0.072311; -0.590149; -0.813736;
16.139571; 0.070190; -0.606064; -0.795425;
16.149584; 0.070221; -0.622986; -0.777054;
16.159596; 0.071899; -0.629486; -0.765259;
16.169608; 0.075134; -0.625854; -0.749527;
16.179620; 0.072052; -0.626480; -0.726669;
16.189632; 0.067551; -0.627350; -0.700623;
16.199644; 0.067963; -0.621338; -0.679306;
16.209656; 0.076904; -0.609390; -0.679596;
16.219668; 0.084229; -0.596741; -0.697922;
16.229681; 0.099579; -0.581284; -0.723129;
16.239693; 0.119019; -0.563934; -0.774323;
16.249705; 0.127396; -0.563629; -0.835236;
16.259717; 0.148392; -0.565018; -0.865646;
16.269729; 0.160477; -0.566116; -0.926544;
16.279741; 0.147598; -0.573593; -0.986801;
16.289753; 0.139862; -0.575638; -0.985931;
16.299766; 0.130341; -0.581268; -0.958969;
16.309778; 0.107193; -0.583664; -0.925842;
16.319790; 0.087463; -0.589783; -0.876282;
16.329802; 0.076279; -0.613022; -0.829880;
16.339814; 0.073563; -0.630753; -0.790237;
16.349826; 0.070328; -0.633286; -0.749344;
16.359838; 0.062256; -0.630890; -0.716614;
16.369850; 0.060287; -0.623245; -0.692551;
16.379863; 0.066315; -0.602402; -0.682693;
16.389875; 0.075867; -0.580887; -0.707336;
16.399887; 0.086365; -0.569290; -0.750763;
16.409898; 0.107071; -0.550964; -0.789230;
16.419910; 0.133682; -0.523819; -0.847153;
16.429922; 0.140671; -0.512604; -0.943512;
16.439934; 0.151657; -0.510239; -1.024109;
16.449947; 0.157043; -0.504562; -1.075653;
16.459959; 0.138168; -0.510376; -1.085464;
16.469971; 0.114655; -0.525543; -1.043472;
16.479983; 0.086975; -0.544769; -0.963272;
16.489995; 0.057938; -0.565613; -0.888016;
16.500007; 0.044662; -0.586594; -0.817184;
16.510019; 0.039749; -0.606934; -0.751450;
16.520032; 0.031799; -0.625061; -0.690536;
16.530044; 0.023102; -0.646072; -0.630417;
16.540056; 0.016525; -0.660233; -0.579559;
16.550068; 0.017975; -0.661758; -0.545273;
16.560080; 0.018494; -0.656586; -0.527588;
16.570092; 0.035492; -0.657410; -0.523407;
16.580104; 0.066223; -0.645096; -0.548431;
16.590117; 0.101059; -0.621521; -0.625687;
16.600129; 0.130478; -0.599060; -0.757401;
16.610141; 0.160049; -0.578537; -0.892212;
16.620153; 0.182571; -0.572449; -0.976501;
16.630165; 0.185120; -0.562485; -1.042908;
16.640177; 0.168243; -0.544525; -1.073364;
16.650189; 0.144485; -0.533371; -1.059677;
16.660201; 0.124023; -0.532974; -1.017517;
16.670214; 0.101578; -0.546646; -0.961441;
16.680226; 0.082016; -0.566269; -0.894928;
16.690238; 0.068253; -0.586319; -0.839935;
16.700250; 0.069519; -0.605362; -0.795395;
16.710262; 0.074371; -0.625885; -0.751999;
16.720274; 0.064362; -0.639633; -0.719345;
16.730286; 0.049011; -0.653625; -0.698029;
16.740298; 0.036713; -0.667847; -0.679428;
16.750311; 0.035080; -0.664536; -0.662125;
16.760323; 0.038696; -0.639999; -0.654099;
16.770335; 0.048233; -0.615570; -0.659744;
16.780347; 0.054871; -0.599747; -0.688751;
16.790359; 0.062057; -0.590012; -0.740814;
16.800371; 0.073441; -0.574387; -0.807526;
16.810383; 0.095673; -0.546204; -0.862320;
16.820396; 0.103806; -0.532608; -0.904968;
16.830408; 0.104294; -0.541611; -0.933777;
16.840420; 0.123505; -0.538742; -0.953964;
16.850432; 0.125610; -0.533066; -0.975754;
16.860444; 0.101501; -0.546051; -0.972809;
16.870456; 0.078552; -0.571228; -0.929977;
16.880468; 0.065048; -0.589539; -0.874496;
16.890481; 0.052643; -0.603394; -0.827225;
16.900493; 0.041199; -0.619049; -0.791763;
16.910505; 0.040054; -0.633377; -0.764725;
16.920517; 0.042786; -0.642761; -0.737640;
16.930529; 0.042236; -0.648331; -0.712936;
16.940541; 0.040070; -0.654144; -0.685959;
16.950553; 0.043442; -0.654785; -0.663132;
16.960566; 0.056137; -0.635391; -0.657120;
16.970578; 0.062286; -0.606430; -0.676849;
16.980590; 0.072433; -0.583405; -0.734238;
16.990602; 0.095703; -0.560226; -0.822083;
17.000614; 0.106125; -0.535172; -0.904190;
17.010626; 0.093887; -0.520645; -0.941971;
17.020638; 0.082504; -0.512375; -0.938004;
17.030650; 0.066467; -0.515472; -0.922043;
17.040663; 0.049210; -0.524124; -0.903519;
17.050675; 0.036896; -0.532974; -0.882446;
17.060687; 0.029556; -0.550873; -0.853973;
17.070699; 0.024918; -0.568329; -0.817581;
17.080711; 0.019730; -0.579285; -0.789795;
17.090723; 0.019180; -0.577896; -0.764053;
17.100735; 0.017273; -0.575928; -0.733459;
17.110748; 0.018311; -0.589310; -0.700073;
17.120760; 0.030457; -0.610901; -0.691559;
17.130772; 0.053833; -0.630112; -0.737564;
17.140784; 0.084335; -0.634750; -0.816574;
17.150796; 0.102371; -0.613647; -0.858078;
17.160808; 0.118546; -0.598938; -0.887436;
17.170820; 0.135956; -0.589645; -0.929626;
17.180832; 0.129410; -0.566223; -0.969284;
17.190845; 0.119843; -0.549271; -0.979675;
17.200857; 0.105759; -0.553116; -0.954895;
17.210869; 0.084793; -0.556793; -0.911469;
17.220881; 0.068253; -0.547363; -0.871155;
17.230893; 0.053741; -0.541718; -0.834015;
17.240905; 0.048752; -0.551697; -0.794495;
17.250917; 0.050797; -0.567825; -0.757523;
17.260930; 0.050247; -0.575684; -0.738052;
17.270942; 0.046890; -0.572327; -0.734848;
17.280954; 0.052536; -0.564758; -0.728867;
17.290966; 0.049133; -0.559586; -0.726898;
17.300978; 0.042953; -0.560730; -0.724655;
17.310990; 0.045532; -0.555283; -0.718887;
17.321002; 0.048096; -0.560394; -0.716537;
17.331014; 0.060806; -0.588989; -0.727112;
17.341027; 0.093918; -0.627319; -0.796432;
17.351039; 0.138992; -0.630875; -0.894821;
17.361051; 0.134491; -0.601578; -0.945374;
17.371063; 0.125397; -0.603027; -0.953796;
17.381075; 0.120392; -0.614868; -0.932983;
17.391087; 0.111603; -0.612534; -0.908386;
17.401099; 0.102325; -0.608521; -0.892685;
17.411112; 0.082687; -0.601700; -0.870544;
17.421124; 0.072479; -0.596893; -0.829834;
17.431136; 0.074799; -0.587372; -0.796707;
17.441148; 0.071335; -0.575699; -0.797714;
17.451160; 0.069901; -0.559174; -0.802551;
17.461172; 0.071091; -0.541611; -0.783112;
17.471184; 0.070206; -0.539001; -0.749863;
17.481196; 0.065918; -0.554626; -0.734238;
17.491209; 0.074341; -0.573074; -0.756882;
17.501221; 0.093872; -0.569107; -0.824417;
17.511233; 0.103653; -0.562042; -0.893799;
17.521245; 0.102997; -0.570953; -0.924545;
17.531257; 0.093307; -0.585327; -0.928421;
17.541269; 0.082611; -0.593796; -0.917999;
17.551281; 0.066483; -0.603180; -0.895111;
17.561294; 0.063004; -0.613037; -0.871124;
17.571306; 0.062119; -0.612427; -0.840912;
17.581318; 0.054642; -0.615463; -0.792679;
17.591330; 0.047638; -0.622421; -0.733994;
17.601342; 0.040771; -0.623764; -0.676529;
17.611354; 0.036713; -0.616837; -0.625412;
17.621366; 0.030746; -0.611664; -0.585007;
17.631379; 0.027679; -0.610260; -0.554535;
17.641391; 0.035568; -0.600601; -0.545990;
17.651403; 0.056000; -0.596786; -0.584686;
17.661415; 0.087097; -0.589890; -0.683319;
17.671427; 0.128479; -0.567017; -0.790375;
17.681439; 0.162888; -0.560638; -0.913239;
17.691451; 0.172729; -0.565506; -1.050385;
17.701463; 0.176315; -0.564682; -1.131149;
17.711476; 0.169479; -0.565613; -1.144943;
17.721488; 0.143372; -0.572723; -1.100342;
17.731500; 0.106094; -0.582397; -1.011444;
17.741512; 0.079269; -0.597290; -0.922623;
17.751524; 0.059021; -0.618942; -0.853912;
17.761536; 0.048416; -0.635101; -0.795868;
17.771548; 0.048096; -0.642624; -0.737045;
17.781561; 0.042465; -0.644073; -0.683121;
17.791573; 0.038086; -0.639572; -0.633469;
17.801585; 0.033600; -0.631683; -0.596451;
17.811597; 0.020599; -0.630341; -0.572540;
17.821609; 0.014542; -0.627075; -0.563019;
17.831621; 0.019897; -0.613007; -0.583862;
17.841633; 0.034897; -0.592590; -0.636963;
17.851645; 0.064011; -0.565964; -0.706604;
17.861658; 0.093155; -0.544388; -0.806122;
17.871670; 0.116547; -0.532516; -0.910019;
17.881682; 0.127686; -0.540619; -0.961365;
17.891694; 0.122955; -0.555786; -0.974121;
17.901706; 0.113800; -0.558334; -0.966400;
17.911718; 0.096649; -0.558746; -0.928955;
17.921730; 0.085846; -0.565720; -0.883423;
17.931743; 0.079193; -0.571121; -0.852036;
17.941755; 0.069870; -0.578964; -0.834778;
17.951767; 0.062698; -0.591904; -0.820572;
17.961779; 0.058151; -0.604324; -0.808228;
17.971791; 0.062149; -0.607941; -0.810715;
17.981803; 0.075546; -0.605469; -0.809021;
17.991815; 0.073517; -0.611130; -0.796646;
18.001828; 0.084656; -0.628967; -0.792892;
18.011840; 0.100586; -0.631363; -0.799072;
18.021852; 0.120514; -0.637436; -0.841476;
18.031864; 0.130341; -0.639191; -0.893539;
18.041876; 0.120087; -0.625458; -0.915024;
18.051888; 0.110199; -0.616714; -0.894684;
18.061900; 0.100266; -0.608902; -0.857803;
18.071912; 0.083786; -0.593750; -0.824234;
18.081925; 0.066910; -0.583389; -0.799057;
18.091937; 0.055923; -0.576324; -0.782242;
18.101949; 0.056534; -0.563202; -0.770187;
18.111961; 0.060623; -0.549484; -0.744125;
18.121973; 0.069382; -0.551422; -0.710999;
18.131985; 0.070389; -0.566910; -0.713287;
18.141997; 0.073959; -0.574631; -0.745789;
18.152010; 0.086227; -0.579697; -0.780701;
18.162022; 0.089813; -0.590057; -0.812439;
18.172034; 0.086975; -0.589783; -0.841049;
18.182046; 0.081833; -0.583527; -0.854385;
18.192058; 0.072128; -0.584732; -0.842926;
18.202070; 0.063766; -0.590393; -0.824280;
18.212082; 0.062958; -0.596207; -0.809097;
18.222094; 0.061874; -0.606461; -0.797516;
18.232107; 0.066010; -0.616135; -0.790283;
18.242119; 0.077118; -0.618469; -0.793839;
18.252131; 0.084747; -0.617554; -0.795441;
18.262143; 0.086548; -0.617691; -0.787781;
18.272155; 0.084229; -0.621246; -0.768341;
18.282167; 0.077744; -0.627914; -0.743820;
18.292179; 0.072220; -0.624817; -0.725830;
18.302192; 0.071136; -0.609299; -0.720490;
18.312204; 0.073486; -0.592239; -0.752533;
18.322216; 0.092804; -0.588806; -0.817062;
18.332228; 0.112335; -0.589813; -0.890671;
18.342240; 0.127182; -0.573151; -0.940887;
18.352252; 0.132568; -0.562057; -0.973236;
18.362264; 0.115143; -0.559509; -0.991974;
18.372277; 0.092636; -0.553574; -0.996277;
18.382289; 0.078110; -0.553085; -0.987213;
18.392301; 0.063690; -0.555725; -0.965836;
18.402313; 0.047668; -0.556625; -0.935379;
18.412325; 0.034195; -0.552979; -0.889343;
18.422337; 0.022522; -0.553772; -0.831757;
18.432349; 0.008469; -0.560577; -0.770340;
18.442361; -0.004471; -0.567734; -0.707047;
18.452374; -0.014816; -0.575089; -0.649734;
18.462386; -0.023712; -0.579590; -0.602249;
18.472398; -0.029922; -0.580017; -0.568390;
18.482410; -0.027985; -0.584305; -0.540680;
18.492422; -0.004517; -0.595993; -0.539902;
18.502434; 0.029037; -0.583847; -0.622787;
18.512446; 0.060272; -0.552841; -0.765121;
18.522459; 0.102188; -0.536591; -0.909561;
18.532471; 0.130386; -0.521957; -1.044846;
18.542483; 0.133270; -0.509949; -1.133240;
18.552495; 0.117081; -0.503006; -1.158707;
18.562507; 0.081741; -0.509018; -1.124176;
18.572519; 0.042664; -0.526596; -1.050644;
18.582531; 0.014420; -0.542801; -0.974319;
18.592543; 0.003586; -0.553055; -0.906891;
18.602556; -0.006287; -0.568085; -0.834335;
18.612568; -0.014633; -0.584625; -0.777908;
18.622580; -0.006775; -0.581589; -0.724442;
18.632592; -0.005264; -0.579178; -0.675812;
18.642604; -0.011520; -0.585632; -0.634064;
18.652616; -0.015457; -0.590958; -0.613022;
18.662628; -0.015808; -0.581238; -0.606964;
18.672641; -0.004639; -0.569092; -0.604401;
18.682653; 0.008606; -0.567078; -0.633408;
18.692665; 0.030075; -0.553391; -0.713470;
18.702677; 0.057632; -0.522385; -0.812592;
18.712689; 0.073120; -0.501846; -0.912415;
18.722701; 0.080536; -0.502411; -0.983521;
18.732713; 0.087738; -0.499008; -0.999619;
18.742726; 0.082169; -0.497833; -0.984650;
18.752738; 0.068207; -0.506989; -0.953140;
18.762750; 0.059113; -0.512802; -0.909317;
18.772762; 0.063217; -0.524261; -0.872757;
18.782774; 0.082962; -0.556793; -0.860626;
18.792786; 0.109360; -0.600021; -0.904755;
18.802798; 0.124451; -0.620880; -0.961945;
18.812810; 0.133575; -0.622513; -0.992233;
18.822823; 0.133850; -0.613876; -0.991608;
18.832835; 0.117569; -0.602036; -0.958557;
18.842847; 0.102982; -0.608810; -0.932434;
18.852859; 0.094070; -0.611465; -0.920334;
18.862871; 0.089935; -0.591843; -0.891678;
18.872883; 0.077988; -0.579712; -0.842560;
18.882895; 0.059891; -0.573578; -0.777115;
18.892908; 0.038101; -0.572281; -0.714935;
18.902920; 0.022217; -0.581879; -0.672028;
18.912932; 0.018890; -0.592560; -0.651398;
18.922944; 0.026352; -0.585098; -0.654358;
18.932956; 0.038040; -0.575302; -0.715500;
18.942968; 0.053070; -0.554276; -0.795883;
18.952980; 0.068146; -0.515778; -0.875992;
18.962992; 0.086746; -0.492004; -0.960892;
18.973005; 0.079193; -0.498489; -1.016846;
18.983017; 0.043472; -0.510025; -1.008698;
18.993029; 0.003860; -0.530167; -0.953659;
19.003041; -0.009933; -0.538834; -0.879913;
19.013053; -0.025452; -0.547958; -0.811417;
19.023065; -0.041061; -0.566238; -0.744171;
19.033077; -0.049774; -0.587967; -0.685013;
19.043090; -0.040009; -0.600464; -0.638260;
19.053102; -0.021317; -0.607727; -0.608002;
19.063114; -0.014236; -0.615128; -0.601349;
19.073126; -0.009476; -0.628281; -0.602966;
19.083138; 0.012390; -0.644958; -0.626373;
19.093150; 0.043640; -0.634079; -0.695877;
19.103162; 0.057999; -0.600113; -0.799652;
19.113174; 0.079758; -0.577240; -0.899994;
19.123187; 0.100815; -0.556107; -0.974197;
19.133199; 0.100601; -0.541382; -1.040939;
19.143211; 0.096085; -0.532440; -1.084961;
19.153223; 0.084946; -0.529648; -1.081238;
19.163235; 0.064728; -0.533630; -1.042862;
19.173247; 0.045227; -0.535294; -0.980240;
19.183259; 0.029129; -0.544342; -0.907318;
19.193272; 0.018066; -0.563095; -0.830093;
19.203284; 0.012436; -0.581909; -0.764481;
19.213296; 0.010391; -0.595459; -0.712448;
19.223308; 0.010544; -0.596115; -0.678787;
19.233320; 0.018356; -0.588760; -0.673431;
19.243332; 0.026779; -0.580704; -0.718445;
19.253344; 0.042465; -0.571548; -0.816071;
19.263357; 0.060104; -0.559326; -0.934219;
19.273369; 0.070648; -0.542953; -1.031540;
19.283381; 0.075409; -0.528351; -1.066284;
19.293393; 0.062851; -0.525070; -1.037888;
19.303405; 0.031204; -0.535767; -0.956650;
19.313417; -0.000366; -0.556122; -0.868240;
19.323429; -0.016708; -0.575623; -0.804138;
19.333441; -0.014435; -0.589951; -0.745789;
19.343454; -0.014206; -0.604370; -0.691910;
19.353466; -0.022507; -0.610931; -0.641602;
19.363478; -0.031555; -0.611160; -0.588409;
19.373490; -0.036285; -0.600891; -0.541061;
19.383502; -0.034897; -0.593796; -0.508118;
19.393514; -0.023743; -0.595276; -0.512573;
19.403526; -0.011276; -0.587921; -0.558670;
19.413539; 0.018982; -0.568649; -0.628296;
19.423551; 0.049850; -0.553696; -0.734085;
19.433563; 0.066910; -0.553085; -0.874893;
19.443575; 0.092407; -0.539337; -0.973511;
19.453587; 0.109741; -0.528717; -1.037964;
19.463599; 0.108871; -0.526337; -1.074326;
19.473611; 0.109787; -0.516724; -1.065277;
19.483623; 0.105316; -0.517334; -1.050140;
19.493636; 0.085144; -0.537247; -1.048019;
19.503648; 0.079132; -0.570084; -1.034760;
19.513660; 0.087982; -0.607758; -1.010406;
19.523672; 0.088715; -0.621933; -0.972092;
19.533684; 0.073685; -0.619293; -0.905197;
19.543696; 0.048737; -0.625427; -0.847656;
19.553708; 0.036392; -0.624969; -0.797150;
19.563721; 0.032379; -0.618851; -0.734451;
19.573733; 0.022415; -0.619080; -0.672852;
19.583745; 0.010269; -0.617661; -0.624512;
19.593757; -0.003098; -0.612167; -0.582596;
19.603769; -0.006790; -0.604843; -0.542221;
19.613781; 0.008484; -0.586777; -0.521545;
19.623793; 0.025970; -0.559219; -0.566132;
19.633806; 0.050659; -0.526794; -0.678268;
19.643818; 0.078979; -0.508789; -0.813309;
19.653830; 0.106140; -0.505615; -0.946075;
19.663842; 0.130783; -0.500427; -1.053757;
19.673854; 0.133286; -0.487854; -1.114136;
19.683866; 0.116028; -0.474274; -1.099213;
19.693878; 0.079269; -0.483612; -1.037476;
19.703890; 0.044785; -0.508072; -0.976883;
19.713903; 0.029999; -0.536957; -0.923050;
19.723915; 0.030548; -0.567062; -0.884323;
19.733927; 0.038086; -0.595703; -0.855301;
19.743939; 0.036255; -0.613434; -0.819687;
19.753951; 0.029175; -0.623962; -0.767395;
19.763963; 0.020706; -0.632645; -0.712112;
19.773975; 0.009247; -0.639099; -0.669601;
19.783988; 0.011978; -0.628159; -0.643753;
19.794000; 0.039780; -0.603653; -0.635651;
19.804012; 0.079514; -0.584534; -0.721878;
19.814024; 0.111191; -0.560257; -0.881790;
19.824036; 0.138687; -0.539688; -1.001282;
19.834048; 0.169861; -0.530731; -1.075119;
19.844060; 0.178909; -0.522766; -1.120056;
19.854072; 0.141769; -0.523956; -1.112457;
19.864085; 0.093506; -0.546341; -1.024216;
19.874097; 0.060501; -0.570862; -0.919830;
19.884109; 0.034637; -0.581879; -0.841675;
19.894121; 0.022522; -0.589005; -0.767975;
19.904133; 0.014664; -0.605133; -0.695084;
19.914145; 0.007858; -0.614639; -0.633102;
19.924157; 0.005188; -0.614380; -0.582077;
19.934170; 0.006531; -0.613083; -0.541565;
19.944182; 0.006790; -0.617569; -0.516327;
19.954194; 0.018921; -0.615372; -0.516571;
19.964206; 0.032288; -0.607849; -0.580429;
19.974218; 0.060989; -0.594635; -0.703293;
19.984230; 0.112823; -0.575897; -0.841293;
19.994242; 0.131058; -0.567657; -0.981537;
20.004255; 0.131226; -0.564514; -1.070892;
20.014267; 0.131317; -0.557022; -1.076324;
20.024279; 0.108383; -0.554855; -1.019211;
20.034291; 0.071564; -0.568222; -0.936127;
20.044303; 0.046432; -0.585587; -0.861435;
20.054315; 0.034668; -0.601318; -0.805618;
20.064327; 0.032104; -0.612930; -0.765503;
20.074339; 0.037720; -0.619049; -0.732620;
20.084352; 0.046204; -0.611115; -0.704285;
20.094364; 0.054550; -0.594406; -0.689270;
20.104376; 0.069641; -0.578445; -0.707596;
20.114388; 0.087204; -0.572693; -0.803650;
20.124400; 0.097000; -0.563538; -0.934799;
20.134412; 0.107346; -0.549210; -1.031387;
20.144424; 0.116135; -0.530746; -1.058212;
20.154437; 0.098328; -0.522141; -1.029892;
20.164449; 0.065491; -0.529663; -0.976639;
20.174461; 0.046219; -0.537064; -0.914108;
20.184473; 0.036362; -0.547440; -0.849960;
20.194485; 0.025391; -0.572540; -0.790237;
20.204497; 0.016006; -0.596252; -0.733109;
20.214509; 0.013992; -0.607620; -0.674011;
20.224522; 0.012589; -0.608276; -0.622269;
20.234534; 0.012711; -0.607925; -0.590485;
20.244546; 0.029129; -0.601852; -0.593811;
20.254558; 0.049683; -0.579987; -0.667252;
20.264570; 0.057816; -0.562820; -0.771317;
20.274582; 0.077698; -0.562302; -0.884552;
20.284594; 0.109024; -0.550919; -1.016525;
20.294606; 0.113556; -0.530396; -1.091614;
20.304619; 0.104294; -0.524857; -1.069870;
20.314631; 0.071945; -0.533630; -1.000046;
20.324643; 0.040588; -0.547714; -0.938034;
20.334655; 0.025528; -0.566589; -0.877075;
20.344667; 0.018875; -0.592468; -0.812332;
20.354679; 0.016907; -0.611694; -0.750305;
20.364691; 0.017548; -0.617294; -0.700073;
20.374704; 0.018951; -0.610947; -0.662262;
20.384716; 0.014771; -0.605621; -0.629700;
20.394728; 0.013672; -0.606491; -0.607559;
20.404740; 0.024261; -0.598312; -0.615982;
20.414751; 0.052109; -0.577728; -0.693298;
20.424763; 0.084198; -0.550201; -0.822861;
20.434775; 0.105896; -0.527542; -0.945572;
20.444787; 0.116364; -0.521927; -1.029510;
20.454800; 0.122009; -0.525253; -1.078979;
20.464812; 0.108887; -0.525101; -1.086990;
20.474824; 0.082001; -0.524490; -1.047058;
20.484836; 0.056168; -0.545319; -0.970169;
20.494848; 0.032883; -0.580505; -0.900223;
20.504860; 0.026215; -0.600372; -0.841187;
20.514872; 0.028870; -0.611816; -0.786194;
20.524885; 0.024200; -0.618942; -0.736298;
20.534897; 0.016464; -0.618103; -0.691574;
20.544909; 0.010376; -0.609360; -0.649475;
20.554921; -0.000275; -0.605804; -0.608902;
20.564933; -0.013672; -0.612640; -0.580170;
20.574945; -0.009140; -0.609482; -0.563965;
20.584957; 0.016846; -0.596161; -0.581131;
20.594970; 0.043228; -0.585938; -0.676697;
20.604982; 0.071213; -0.565033; -0.832870;
20.614994; 0.104218; -0.538834; -0.968246;
20.625006; 0.120743; -0.528214; -1.029922;
20.635018; 0.104294; -0.534027; -1.032089;
20.645030; 0.074265; -0.539886; -0.989563;
20.655042; 0.051636; -0.544983; -0.924637;
20.665054; 0.039368; -0.560593; -0.871674;
20.675067; 0.038513; -0.582397; -0.826889;
20.685079; 0.041016; -0.605774; -0.780502;
20.695091; 0.038727; -0.627457; -0.735153;
20.705103; 0.042221; -0.642776; -0.700531;
20.715115; 0.048325; -0.642715; -0.679413;
20.725127; 0.058823; -0.637360; -0.672958;
20.735139; 0.070419; -0.630280; -0.688965;
20.745152; 0.076462; -0.616653; -0.733368;
20.755164; 0.083969; -0.610275; -0.773163;
20.765176; 0.108582; -0.620560; -0.813141;
20.775188; 0.137619; -0.635818; -0.874680;
20.785200; 0.146942; -0.635681; -0.919388;
20.795212; 0.146652; -0.629242; -0.929688;
20.805224; 0.143799; -0.618729; -0.915131;
20.815236; 0.133347; -0.598495; -0.894424;
20.825249; 0.126144; -0.584015; -0.881622;
20.835261; 0.117020; -0.572586; -0.883255;
20.845273; 0.109970; -0.549316; -0.873550;
20.855285; 0.090057; -0.537262; -0.863144;
20.865297; 0.063751; -0.535980; -0.856705;
20.875309; 0.047409; -0.534454; -0.832993;
20.885321; 0.036209; -0.535507; -0.798492;
20.895334; 0.027817; -0.538040; -0.778259;
20.905346; 0.021667; -0.544586; -0.774200;
20.915358; 0.026291; -0.561707; -0.773117;
20.925370; 0.036880; -0.584869; -0.776825;
20.935382; 0.047867; -0.597122; -0.793579;
20.945394; 0.057495; -0.603271; -0.806519;
20.955406; 0.066010; -0.610870; -0.814240;
20.965418; 0.074005; -0.610199; -0.827652;
20.975431; 0.082108; -0.601196; -0.846512;
20.985443; 0.077682; -0.587723; -0.856796;
20.995455; 0.063614; -0.581696; -0.848587;
21.005467; 0.062134; -0.570648; -0.822281;
21.015479; 0.062317; -0.549545; -0.774094;
21.025491; 0.052551; -0.563538; -0.729614;
21.035503; 0.061127; -0.572662; -0.714890;
21.045516; 0.088318; -0.561478; -0.745300;
21.055528; 0.112137; -0.556137; -0.811172;
21.065540; 0.125870; -0.572784; -0.888168;
21.075552; 0.132385; -0.583832; -0.969635;
21.085564; 0.133591; -0.589157; -1.014862;
21.095576; 0.116058; -0.595337; -1.011658;
21.105588; 0.096741; -0.601807; -0.969162;
21.115600; 0.083206; -0.606033; -0.902374;
21.125613; 0.066666; -0.615219; -0.832855;
21.135625; 0.055466; -0.621231; -0.776306;
21.145637; 0.048676; -0.624359; -0.732056;
21.155649; 0.039856; -0.624237; -0.708206;
21.165661; 0.045380; -0.618195; -0.703079;
21.175673; 0.058273; -0.609634; -0.715378;
21.185685; 0.072418; -0.595108; -0.721054;
21.195698; 0.072678; -0.575653; -0.722778;
21.205710; 0.056595; -0.566986; -0.716599;
21.215722; 0.042038; -0.581818; -0.705048;
21.225734; 0.044586; -0.588989; -0.710983;
21.235746; 0.047562; -0.580688; -0.747330;
21.245758; 0.050385; -0.579178; -0.792404;
21.255770; 0.066833; -0.592255; -0.830261;
21.265783; 0.097443; -0.597351; -0.874573;
21.275795; 0.106232; -0.604599; -0.913818;
21.285807; 0.094391; -0.625870; -0.918076;
21.295819; 0.086853; -0.639252; -0.888794;
21.305831; 0.073914; -0.637085; -0.850174;
21.315843; 0.058853; -0.630859; -0.807312;
21.325855; 0.050812; -0.621307; -0.758179;
21.335867; 0.046555; -0.614304; -0.709930;
21.345880; 0.038620; -0.613327; -0.665955;
21.355892; 0.048309; -0.610168; -0.625702;
21.365904; 0.076614; -0.593155; -0.634705;
21.375916; 0.091629; -0.588333; -0.738800;
21.385928; 0.133759; -0.591278; -0.865005;
21.395940; 0.163757; -0.581757; -1.015717;
21.405952; 0.159714; -0.565826; -1.117279;
21.415966; 0.149002; -0.563095; -1.124664;
21.425978; 0.119354; -0.575089; -1.075623;
21.435990; 0.075821; -0.588928; -0.996948;
21.446002; 0.043015; -0.607895; -0.903595;
21.456014; 0.022644; -0.628082; -0.810455;
21.466026; 0.016724; -0.654282; -0.723358;
21.476038; 0.005585; -0.673584; -0.645615;
21.486050; -0.006393; -0.670273; -0.578247;
21.496063; -0.008621; -0.654678; -0.519943;
21.506075; -0.008789; -0.640976; -0.478653;
21.516087; -0.013947; -0.631027; -0.473495;
21.526099; -0.013184; -0.623016; -0.508774;
21.536111; 0.009811; -0.614441; -0.579681;
21.546123; 0.036667; -0.590073; -0.686523;
21.556135; 0.067154; -0.558029; -0.823227;
21.566148; 0.093811; -0.537750; -0.942841;
21.576160; 0.105560; -0.526611; -1.045334;
21.586172; 0.110519; -0.524841; -1.095932;
21.596184; 0.096756; -0.529190; -1.083908;
21.606196; 0.068146; -0.537766; -1.025345;
21.616208; 0.036240; -0.552017; -0.955612;
21.626220; 0.016449; -0.567245; -0.885284;
21.636233; 0.009918; -0.583374; -0.827087;
21.646245; 0.015228; -0.589905; -0.774445;
21.656257; 0.029633; -0.583984; -0.726196;
21.666269; 0.004837; -0.605942; -0.683228;
21.676281; -0.012253; -0.630203; -0.656799;
21.686293; 0.003906; -0.620361; -0.675919;
21.696305; 0.028244; -0.612930; -0.711502;
21.706317; 0.047211; -0.597427; -0.745041;
21.716330; 0.059830; -0.583893; -0.798599;
21.726342; 0.069229; -0.571747; -0.874069;
21.736354; 0.087494; -0.555237; -0.938904;
21.746366; 0.098938; -0.543030; -0.950836;
21.756378; 0.081970; -0.544800; -0.926270;
21.766390; 0.056503; -0.548096; -0.882980;
21.776402; 0.045151; -0.559204; -0.834229;
21.786415; 0.047867; -0.573944; -0.801971;
21.796427; 0.048172; -0.576706; -0.791260;
21.806439; 0.052353; -0.574814; -0.770370;
21.816451; 0.061996; -0.569061; -0.754929;
21.826463; 0.066849; -0.556915; -0.756866;
21.836475; 0.062561; -0.560165; -0.761154;
21.846487; 0.068161; -0.588577; -0.787598;
21.856499; 0.078964; -0.604202; -0.834427;
21.866512; 0.088898; -0.595779; -0.872406;
21.876524; 0.095444; -0.582169; -0.901169;
21.886536; 0.092667; -0.578094; -0.921371;
21.896548; 0.102600; -0.570999; -0.925766;
21.906560; 0.097977; -0.561172; -0.944809;
21.916572; 0.083801; -0.559570; -0.950394;
21.926584; 0.071671; -0.545364; -0.935013;
21.936597; 0.058212; -0.520065; -0.906097;
21.946609; 0.039642; -0.497238; -0.851608;
21.956621; 0.016144; -0.481781; -0.805237;
21.966633; 0.009644; -0.481415; -0.773300;
21.976645; 0.010422; -0.493576; -0.752609;
21.986657; 0.016464; -0.501205; -0.768570;
21.996669; 0.025864; -0.496643; -0.805649;
22.006681; 0.035995; -0.499695; -0.830063;
22.016694; 0.046387; -0.516418; -0.858093;
22.026706; 0.050659; -0.538803; -0.906448;
22.036718; 0.054703; -0.547012; -0.941589;
22.046730; 0.055801; -0.544205; -0.936081;
22.056742; 0.052689; -0.552612; -0.907074;
22.066754; 0.046585; -0.563477; -0.885239;
22.076766; 0.045547; -0.570328; -0.864502;
22.086779; 0.045135; -0.578705; -0.836273;
22.096791; 0.041397; -0.582672; -0.803116;
22.106803; 0.034515; -0.579117; -0.769882;
22.116815; 0.029739; -0.568695; -0.739456;
22.126827; 0.043915; -0.548721; -0.727295;
22.136839; 0.062057; -0.520737; -0.780258;
22.146851; 0.077469; -0.508209; -0.877731;
22.156864; 0.107758; -0.505783; -0.963104;
22.166876; 0.118774; -0.496109; -1.042557;
22.176888; 0.113281; -0.478699; -1.090164;
22.186900; 0.098923; -0.482407; -1.076767;
22.196912; 0.075150; -0.500885; -1.021179;
22.206924; 0.048477; -0.518692; -0.956223;
22.216936; 0.029083; -0.535034; -0.895737;
22.226948; 0.024277; -0.550674; -0.832779;
22.236961; 0.025726; -0.565216; -0.770706;
22.246973; 0.018066; -0.579803; -0.720642;
22.256985; 0.011459; -0.587860; -0.677734;
22.266997; 0.010727; -0.597656; -0.642761;
22.277009; 0.007065; -0.606750; -0.611618;
22.287021; 0.001450; -0.609863; -0.595001;
22.297033; 0.002106; -0.607956; -0.592255;
22.307046; 0.020020; -0.602631; -0.614441;
22.317058; 0.041382; -0.586441; -0.682388;
22.327070; 0.067032; -0.553284; -0.782532;
22.337082; 0.094879; -0.523941; -0.902298;
22.347094; 0.108246; -0.521103; -0.997772;
22.357106; 0.109482; -0.525436; -1.050873;
22.367118; 0.097763; -0.521179; -1.047012;
22.377131; 0.072845; -0.518219; -0.995361;
22.387143; 0.051270; -0.526947; -0.923920;
22.397155; 0.036667; -0.545273; -0.872375;
22.407167; 0.035233; -0.570587; -0.844498;
22.417179; 0.038818; -0.586853; -0.831848;
22.427191; 0.040558; -0.596771; -0.812332;
22.437203; 0.033920; -0.605942; -0.796463;
22.447215; 0.024811; -0.596725; -0.788620;
22.457228; 0.021332; -0.574753; -0.784286;
22.467240; 0.019424; -0.559006; -0.797256;
22.477252; 0.031189; -0.546967; -0.829468;
22.487264; 0.059296; -0.530075; -0.882233;
22.497276; 0.067764; -0.530609; -0.953674;
22.507288; 0.065201; -0.540436; -0.977371;
22.517300; 0.064438; -0.536972; -0.954041;
22.527313; 0.060150; -0.522614; -0.910248;
22.537325; 0.047211; -0.522064; -0.866653;
22.547337; 0.037018; -0.533859; -0.838745;
22.557349; 0.037872; -0.538528; -0.814087;
22.567361; 0.034866; -0.545929; -0.778656;
22.577373; 0.027039; -0.567780; -0.737900;
22.587385; 0.023117; -0.589493; -0.707108;
22.597397; 0.026443; -0.593903; -0.687180;
22.607410; 0.029800; -0.588211; -0.686234;
22.617422; 0.026794; -0.583466; -0.708740;
22.627434; 0.038483; -0.576996; -0.716949;
22.637446; 0.057419; -0.568802; -0.725449;
22.647458; 0.074356; -0.542618; -0.770660;
22.657470; 0.078079; -0.536438; -0.859833;
22.667482; 0.087585; -0.559845; -0.944321;
22.677495; 0.100906; -0.559235; -1.007706;
22.687507; 0.098877; -0.540695; -1.033371;
22.697519; 0.083084; -0.544571; -1.019638;
22.707531; 0.065308; -0.559219; -0.988525;
22.717543; 0.054047; -0.569611; -0.949524;
22.727555; 0.047806; -0.575607; -0.898407;
22.737567; 0.041519; -0.581497; -0.831772;
22.747580; 0.030930; -0.587540; -0.764587;
22.757592; 0.023651; -0.588608; -0.710007;
22.767604; 0.020584; -0.586700; -0.666077;
22.777616; 0.018768; -0.587433; -0.628372;
22.787628; 0.028244; -0.580414; -0.612289;
22.797640; 0.042831; -0.562866; -0.636536;
22.807652; 0.068909; -0.550095; -0.696228;
22.817664; 0.091492; -0.549728; -0.787598;
22.827677; 0.093277; -0.552689; -0.881744;
22.837689; 0.095459; -0.546677; -0.960205;
22.847701; 0.097137; -0.532776; -1.011749;
22.857713; 0.088104; -0.531448; -1.016266;
22.867725; 0.078339; -0.541443; -0.995468;
22.877737; 0.063141; -0.551331; -0.958923;
22.887749; 0.050171; -0.557678; -0.912186;
22.897762; 0.041748; -0.562485; -0.863892;
22.907774; 0.035141; -0.571823; -0.818970;
22.917786; 0.036667; -0.573746; -0.776733;
22.927798; 0.043716; -0.571274; -0.745972;
22.937810; 0.049271; -0.569092; -0.728317;
22.947822; 0.055603; -0.568512; -0.730103;
22.957834; 0.072708; -0.570663; -0.776901;
22.967846; 0.080811; -0.565155; -0.874832;
22.977859; 0.074600; -0.542435; -0.951355;
22.987871; 0.082703; -0.516449; -1.004654;
22.997883; 0.076126; -0.503342; -1.051727;
23.007895; 0.051758; -0.507568; -1.058502;
23.017907; 0.027908; -0.516190; -1.023361;
23.027919; 0.006378; -0.517426; -0.965057;
23.037931; -0.008942; -0.512909; -0.897293;
23.047944; -0.017761; -0.516235; -0.831039;
23.057956; -0.023911; -0.528442; -0.770920;
23.067968; -0.031479; -0.539658; -0.709930;
23.077980; -0.038803; -0.557587; -0.655807;
23.087992; -0.044662; -0.573837; -0.615677;
23.098004; -0.040054; -0.574066; -0.605759;
23.108016; -0.033768; -0.560760; -0.626144;
23.118028; -0.008850; -0.561172; -0.657883;
23.128041; 0.028229; -0.551163; -0.725235;
23.138053; 0.059036; -0.516220; -0.821930;
23.148065; 0.080215; -0.488968; -0.936798;
23.158077; 0.101151; -0.477005; -1.042313;
23.168089; 0.109406; -0.475510; -1.132156;
23.178101; 0.106949; -0.478256; -1.173752;
23.188113; 0.083969; -0.483932; -1.161255;
23.198126; 0.050888; -0.490311; -1.101532;
23.208138; 0.034515; -0.493317; -1.019867;
23.218150; 0.023438; -0.505798; -0.923843;
23.228162; 0.003342; -0.539871; -0.843338;
23.238174; -0.010117; -0.566650; -0.790482;
23.248186; -0.010559; -0.578247; -0.744873;
23.258198; -0.015549; -0.588425; -0.699036;
23.268210; -0.023941; -0.606628; -0.648727;
23.278223; -0.026688; -0.622818; -0.610794;
23.288235; -0.029251; -0.621765; -0.598572;
23.298247; -0.020905; -0.607574; -0.595245;
23.308259; 0.002045; -0.590149; -0.606567;
23.318271; 0.022369; -0.579391; -0.660080;
23.328283; 0.040817; -0.562698; -0.737701;
23.338295; 0.064362; -0.540146; -0.846146;
23.348308; 0.091858; -0.515930; -0.939575;
23.358320; 0.090561; -0.506134; -0.987015;
23.368332; 0.082458; -0.517654; -0.979340;
23.378344; 0.071320; -0.531555; -0.941498;
23.388356; 0.056808; -0.531723; -0.915833;
23.398368; 0.051056; -0.534561; -0.900238;
23.408380; 0.054504; -0.543488; -0.886673;
23.418393; 0.056274; -0.556335; -0.883011;
23.428405; 0.058136; -0.575043; -0.877365;
23.438417; 0.062042; -0.592712; -0.871765;
23.448429; 0.061050; -0.598862; -0.855377;
23.458441; 0.061569; -0.602234; -0.853683;
23.468453; 0.061951; -0.600433; -0.877686;
23.478465; 0.066940; -0.590805; -0.888504;
23.488478; 0.074463; -0.582352; -0.878281;
23.498490; 0.066498; -0.574539; -0.870895;
23.508502; 0.051773; -0.568604; -0.858734;
23.518514; 0.039658; -0.561600; -0.820740;
23.528526; 0.026825; -0.568405; -0.775574;
23.538538; 0.024017; -0.573074; -0.740295;
23.548550; 0.029404; -0.569107; -0.713043;
23.558562; 0.033997; -0.572540; -0.694870;
23.568575; 0.043167; -0.577713; -0.696228;
23.578587; 0.058060; -0.582169; -0.724213;
23.588599; 0.067780; -0.589157; -0.771759;
23.598611; 0.085678; -0.593643; -0.823380;
23.608623; 0.099274; -0.582657; -0.876724;
23.618635; 0.094437; -0.572906; -0.928864;
23.628647; 0.090256; -0.571960; -0.950638;
23.638660; 0.084503; -0.571335; -0.935257;
23.648672; 0.069946; -0.578339; -0.899048;
23.658684; 0.048813; -0.589355; -0.855682;
23.668696; 0.039948; -0.593155; -0.815994;
23.678708; 0.043152; -0.593445; -0.776215;
23.688720; 0.044083; -0.608704; -0.733963;
23.698732; 0.051437; -0.624176; -0.696671;
23.708744; 0.059479; -0.621460; -0.677628;
23.718757; 0.065521; -0.618271; -0.679031;
23.728769; 0.087830; -0.616196; -0.713226;
23.738781; 0.111252; -0.609650; -0.801788;
23.748793; 0.121933; -0.604645; -0.906860;
23.758805; 0.126694; -0.587936; -0.997879;
23.768817; 0.121078; -0.570557; -1.033615;
23.778829; 0.099182; -0.569473; -1.022903;
23.788842; 0.066177; -0.572769; -0.963654;
23.798854; 0.033356; -0.574646; -0.880325;
23.808866; 0.007263; -0.571075; -0.804703;
23.818878; -0.002548; -0.561707; -0.730133;
23.828890; -0.001328; -0.573547; -0.663635;
23.838902; -0.002655; -0.584579; -0.624954;
23.848914; 0.016006; -0.581635; -0.610275;
23.858926; 0.061295; -0.558472; -0.613449;
23.868939; 0.036194; -0.579407; -0.639328;
23.878951; 0.052200; -0.587250; -0.719177;
23.888963; 0.076797; -0.561737; -0.820740;
23.898975; 0.067230; -0.566238; -0.919144;
23.908987; 0.062698; -0.580399; -1.002838;
23.918999; 0.068695; -0.568649; -1.053955;
23.929011; 0.070618; -0.549240; -1.061600;
23.939024; 0.054001; -0.547348; -1.008331;
23.949036; 0.029480; -0.567856; -0.943054;
23.959048; 0.020721; -0.568604; -0.892197;
23.969060; 0.021957; -0.556671; -0.839081;
23.979072; 0.020294; -0.560593; -0.774353;
23.989084; 0.016586; -0.573898; -0.703369;
23.999096; 0.014557; -0.576675; -0.651505;
24.009108; 0.015701; -0.570312; -0.624268;
24.019121; 0.040955; -0.563583; -0.631454;
24.029133; 0.071167; -0.547379; -0.714737;
24.039145; 0.078873; -0.548828; -0.855240;
24.049157; 0.094070; -0.547714; -0.986572;
24.059169; 0.114304; -0.536316; -1.078445;
24.069181; 0.104324; -0.536484; -1.116608;
24.079193; 0.081009; -0.544403; -1.089172;
24.089206; 0.050034; -0.555084; -1.015030;
24.099218; 0.024216; -0.563721; -0.927094;
24.109230; 0.013855; -0.568558; -0.835358;
24.119242; 0.002029; -0.578674; -0.758682;
24.129254; -0.009552; -0.586533; -0.698914;
24.139266; -0.013412; -0.591125; -0.649551;
24.149278; -0.010010; -0.586884; -0.607391;
24.159290; 0.005859; -0.571472; -0.576706;
24.169303; -0.004318; -0.572815; -0.568649;
24.179315; 0.006287; -0.565521; -0.616470;
24.189327; 0.034119; -0.547516; -0.718979;
24.199339; 0.058945; -0.543274; -0.849045;
24.209351; 0.083542; -0.531418; -0.984619;
24.219363; 0.097229; -0.523010; -1.087967;
24.229375; 0.096527; -0.528473; -1.150162;
24.239388; 0.083328; -0.526245; -1.156418;
24.249400; 0.055878; -0.518753; -1.109924;
24.259412; 0.020676; -0.521240; -1.026031;
24.269424; -0.000320; -0.532013; -0.941528;
24.279436; -0.013733; -0.540344; -0.872894;
24.289448; -0.018967; -0.539536; -0.811646;
24.299460; -0.019592; -0.537109; -0.744583;
24.309473; -0.023193; -0.541122; -0.676315;
24.319485; -0.026657; -0.547073; -0.628296;
24.329497; -0.030731; -0.551437; -0.611969;
24.339509; -0.029175; -0.562668; -0.619263;
24.349521; -0.009262; -0.570938; -0.659470;
24.359533; 0.025208; -0.551483; -0.756454;
24.369545; 0.050262; -0.523132; -0.892838;
24.379558; 0.060486; -0.512634; -1.000702;
24.389570; 0.056564; -0.515503; -1.052032;
24.399582; 0.042709; -0.513321; -1.041077;
24.409594; 0.019852; -0.516403; -0.977493;
24.419606; -0.000412; -0.523712; -0.908127;
24.429618; -0.011688; -0.531326; -0.858292;
24.439630; -0.011459; -0.544250; -0.816727;
24.449642; -0.003479; -0.558914; -0.777054;
24.459655; 0.002960; -0.570267; -0.742050;
24.469667; 0.003174; -0.576889; -0.714081;
24.479679; 0.003723; -0.579605; -0.697861;
24.489691; 0.014847; -0.573425; -0.703964;
24.499703; 0.036011; -0.557617; -0.754120;
24.509715; 0.049866; -0.542923; -0.834610;
24.519727; 0.052429; -0.532028; -0.905182;
24.529739; 0.060837; -0.517014; -0.965698;
24.539752; 0.061401; -0.498032; -1.002472;
24.549764; 0.041336; -0.496628; -0.994690;
24.559776; 0.021851; -0.509232; -0.961273;
24.569788; 0.008087; -0.520004; -0.928070;
24.579800; 0.001358; -0.530624; -0.891388;
24.589812; -0.001572; -0.543777; -0.851181;
24.599824; -0.001190; -0.554825; -0.811569;
24.609837; 0.003159; -0.565933; -0.776382;
24.619849; 0.004013; -0.573639; -0.752289;
24.629861; 0.003052; -0.577835; -0.737061;
24.639873; 0.006714; -0.581360; -0.723221;
24.649885; 0.021255; -0.578552; -0.708694;
24.659897; 0.034851; -0.570709; -0.730316;
24.669909; 0.042358; -0.559326; -0.788300;
24.679922; 0.068527; -0.541611; -0.832230;
24.689934; 0.090347; -0.529007; -0.864014;
24.699946; 0.089432; -0.521729; -0.928818;
24.709958; 0.098236; -0.513840; -0.989441;
24.719970; 0.102814; -0.508789; -1.031174;
24.729982; 0.092545; -0.515320; -1.052582;
24.739994; 0.074234; -0.527679; -1.043152;
24.750007; 0.058777; -0.541702; -1.011246;
24.760019; 0.045090; -0.553452; -0.965103;
24.770031; 0.027054; -0.566589; -0.913055;
24.780043; 0.010513; -0.574921; -0.859268;
24.790055; 0.005966; -0.569717; -0.801514;
24.800067; 0.001755; -0.568222; -0.744308;
24.810079; -0.005005; -0.573395; -0.689590;
24.820091; -0.008652; -0.575882; -0.645752;
24.830104; -0.011887; -0.576431; -0.612656;
24.840116; -0.008286; -0.576691; -0.602402;
24.850128; 0.012161; -0.567688; -0.627869;
24.860140; 0.034180; -0.551636; -0.706497;
24.870152; 0.059998; -0.539749; -0.803101;
24.880164; 0.087967; -0.522629; -0.889618;
24.890176; 0.082306; -0.519836; -0.969070;
24.900189; 0.075546; -0.530121; -0.999619;
24.910201; 0.077301; -0.537766; -0.985123;
24.920213; 0.065567; -0.541061; -0.970673;
24.930225; 0.049515; -0.546707; -0.957916;
24.940237; 0.045364; -0.558487; -0.943832;
24.950249; 0.050781; -0.576126; -0.928772;
24.960261; 0.049377; -0.594681; -0.907837;
24.970273; 0.047668; -0.597122; -0.878296;
24.980286; 0.036789; -0.596649; -0.840149;
24.990298; 0.026031; -0.603104; -0.792618;
25.000310; 0.016678; -0.601715; -0.747375;
25.010322; 0.008957; -0.598114; -0.706116;
25.020334; 0.001465; -0.602509; -0.670502;
25.030346; 0.002792; -0.602127; -0.638916;
25.040358; 0.013794; -0.586853; -0.638992;
25.050371; 0.024033; -0.570709; -0.683029;
25.060383; 0.050110; -0.550507; -0.748291;
25.070395; 0.078522; -0.534164; -0.834808;
25.080407; 0.094666; -0.538559; -0.917038;
25.090419; 0.100281; -0.541672; -0.980835;
25.100431; 0.094833; -0.526184; -1.030029;
25.110443; 0.082657; -0.527298; -1.048737;
25.120455; 0.065353; -0.549622; -1.028015;
25.130468; 0.044800; -0.568726; -0.988831;
25.140480; 0.025146; -0.574829; -0.942291;
25.150492; 0.011307; -0.576370; -0.884018;
25.160504; 0.000244; -0.578186; -0.813370;
25.170516; -0.007782; -0.579391; -0.751282;
25.180528; -0.016632; -0.578232; -0.690842;
25.190540; -0.023788; -0.584412; -0.637512;
25.200553; -0.029800; -0.596375; -0.600296;
25.210565; -0.038910; -0.596375; -0.582092;
25.220577; -0.031662; -0.594528; -0.576981;
25.230589; -0.000397; -0.588257; -0.612061;
25.240601; 0.034363; -0.563553; -0.717255;
25.250613; 0.058319; -0.534882; -0.837311;
25.260625; 0.082550; -0.516830; -0.949875;
25.270638; 0.087524; -0.514969; -1.051224;
25.280650; 0.090469; -0.512268; -1.105057;
25.290662; 0.082397; -0.513077; -1.100296;
25.300674; 0.056122; -0.518784; -1.072830;
25.310686; 0.030228; -0.524490; -1.021255;
25.320698; 0.017227; -0.533249; -0.957947;
25.330710; 0.011307; -0.546249; -0.896957;
25.340722; 0.008240; -0.558197; -0.842316;
25.350735; 0.004745; -0.569702; -0.787292;
25.360747; -0.000839; -0.579987; -0.736038;
25.370759; -0.010941; -0.589554; -0.691528;
25.380771; -0.028580; -0.599503; -0.657486;
25.390783; -0.034805; -0.613998; -0.630814;
25.400795; -0.015594; -0.610413; -0.634277;
25.410807; 0.010040; -0.581116; -0.673416;
25.420820; 0.046585; -0.551605; -0.746231;
25.430832; 0.080048; -0.523590; -0.869293;
25.440844; 0.091293; -0.501907; -0.994812;
25.450856; 0.089294; -0.507355; -1.052490;
25.460868; 0.080200; -0.520996; -1.035767;
25.470880; 0.052292; -0.525482; -0.977402;
25.480892; 0.019241; -0.529510; -0.922104;
25.490904; 0.005005; -0.543884; -0.872345;
25.500917; 0.008667; -0.561478; -0.834366;
25.510929; 0.011414; -0.574051; -0.804825;
25.520941; 0.016006; -0.583084; -0.766632;
25.530953; 0.017075; -0.593597; -0.732254;
25.540965; 0.018204; -0.594864; -0.714294;
25.550977; 0.024124; -0.587555; -0.714325;
25.560989; 0.032852; -0.580826; -0.742767;
25.571002; 0.040710; -0.570877; -0.804855;
25.581014; 0.054260; -0.550110; -0.872284;
25.591026; 0.062576; -0.527603; -0.928619;
25.601038; 0.048309; -0.521729; -0.949020;
25.611050; 0.030319; -0.521393; -0.933990;
25.621062; 0.028915; -0.518402; -0.902130;
25.631074; 0.030533; -0.526886; -0.869614;
25.641087; 0.028503; -0.546616; -0.848831;
25.651099; 0.027252; -0.559692; -0.834488;
25.661111; 0.031021; -0.567612; -0.819077;
25.671123; 0.042282; -0.588028; -0.798019;
25.681135; 0.042862; -0.598175; -0.795258;
25.691147; 0.036911; -0.595001; -0.804977;
25.701159; 0.035690; -0.604004; -0.802292;
25.711171; 0.041977; -0.616653; -0.787003;
25.721184; 0.050873; -0.621674; -0.785019;
25.731196; 0.054214; -0.623474; -0.798523;
25.741208; 0.059586; -0.620377; -0.797592;
25.751220; 0.069443; -0.607376; -0.794601;
25.761232; 0.069641; -0.594086; -0.813553;
25.771244; 0.062210; -0.587784; -0.832504;
25.781256; 0.067993; -0.582367; -0.833389;
25.791269; 0.072952; -0.568756; -0.852615;
25.801281; 0.065399; -0.552139; -0.882858;
25.811293; 0.056122; -0.550903; -0.888779;
25.821305; 0.052277; -0.559464; -0.872955;
25.831317; 0.042435; -0.558945; -0.846771;
25.841329; 0.027451; -0.551941; -0.811554;
25.851341; 0.016220; -0.553009; -0.771027;
25.861354; 0.013870; -0.563370; -0.738083;
25.871366; 0.015594; -0.573837; -0.721481;
25.881378; 0.019760; -0.578262; -0.717712;
25.891390; 0.027710; -0.576950; -0.714249;
25.901402; 0.042206; -0.577103; -0.732727;
25.911414; 0.064209; -0.580276; -0.802231;
25.921426; 0.092499; -0.560135; -0.904739;
25.931438; 0.109070; -0.535095; -0.994446;
25.941451; 0.105438; -0.527908; -1.047928;
25.951463; 0.091354; -0.528809; -1.042603;
25.961475; 0.069992; -0.537994; -1.000839;
25.971487; 0.046082; -0.550415; -0.942810;
25.981499; 0.033417; -0.561768; -0.882645;
25.991511; 0.025497; -0.575211; -0.831848;
26.001523; 0.012772; -0.595642; -0.791840;
26.011536; 0.003006; -0.616180; -0.755203;
26.021548; 0.008911; -0.616302; -0.716415;
26.031560; 0.011917; -0.610214; -0.683304;
26.041572; 0.014099; -0.608124; -0.663651;
26.051584; 0.033112; -0.603622; -0.654297;
26.061596; 0.054001; -0.589783; -0.667908;
26.071608; 0.060593; -0.572723; -0.730118;
26.081620; 0.070496; -0.552155; -0.817719;
26.091633; 0.084030; -0.535294; -0.882339;
26.101645; 0.077515; -0.525162; -0.921127;
26.111657; 0.060135; -0.511887; -0.961288;
26.121669; 0.045456; -0.506699; -0.984604;
26.131681; 0.026901; -0.518661; -0.975754;
26.141693; 0.009033; -0.536667; -0.949493;
26.151705; -0.000397; -0.551834; -0.911179;
26.161718; -0.004883; -0.564285; -0.866272;
26.171730; -0.007385; -0.582520; -0.822052;
26.181742; -0.007843; -0.595978; -0.778671;
26.191754; -0.002533; -0.600266; -0.742935;
26.201766; -0.002960; -0.605225; -0.715469;
26.211778; -0.003860; -0.615051; -0.695053;
26.221790; -0.001999; -0.611481; -0.686020;
26.231803; 0.002609; -0.598816; -0.690628;
26.241815; 0.014252; -0.586365; -0.713074;
26.251827; 0.030579; -0.564392; -0.748001;
26.261839; 0.047485; -0.542755; -0.795502;
26.271851; 0.068726; -0.535309; -0.858902;
26.281863; 0.091858; -0.525406; -0.940323;
26.291875; 0.103210; -0.533340; -1.014572;
26.301887; 0.094864; -0.538803; -1.048218;
26.311900; 0.064301; -0.534073; -1.010529;
26.321912; 0.024521; -0.541229; -0.914413;
26.331924; -0.010864; -0.544342; -0.836395;
26.341936; -0.033188; -0.539322; -0.779846;
26.351948; -0.041336; -0.538971; -0.746964;
26.361960; -0.032761; -0.540543; -0.735260;
26.371972; -0.016373; -0.533585; -0.740021;
26.381985; 0.000427; -0.521851; -0.753220;
26.391997; 0.002884; -0.517303; -0.793030;
26.402009; 0.003052; -0.521805; -0.839493;
26.412021; 0.025742; -0.527069; -0.884079;
26.422033; 0.044189; -0.517517; -0.974197;
26.432045; 0.048035; -0.501282; -1.058792;
26.442057; 0.049286; -0.501007; -1.092697;
26.452069; 0.043167; -0.502075; -1.075165;
26.462082; 0.022217; -0.506927; -1.013947;
26.472094; -0.004776; -0.520096; -0.939163;
26.482106; -0.018524; -0.529648; -0.864670;
26.492118; -0.025970; -0.546738; -0.802002;
26.502130; -0.028519; -0.559875; -0.755188;
26.512142; -0.023331; -0.563828; -0.719528;
26.522154; -0.012421; -0.570953; -0.693573;
26.532167; 0.001648; -0.574829; -0.703003;
26.542179; 0.003799; -0.569870; -0.747299;
26.552191; 0.017990; -0.569260; -0.803268;
26.562203; 0.031006; -0.554764; -0.868195;
26.572215; 0.029144; -0.526993; -0.912354;
26.582227; 0.024750; -0.518829; -0.923523;
26.592239; 0.021423; -0.530746; -0.915421;
26.602252; 0.013809; -0.534973; -0.898987;
26.612264; -0.000214; -0.529404; -0.874588;
26.622276; -0.008072; -0.526230; -0.827057;
26.632288; -0.012131; -0.535522; -0.777588;
26.642300; -0.011475; -0.543472; -0.735916;
26.652312; -0.003418; -0.539719; -0.714294;
26.662324; 0.011139; -0.533630; -0.716858;
26.672336; 0.023514; -0.537338; -0.748306;
26.682349; 0.033188; -0.543991; -0.797852;
26.692361; 0.039459; -0.549774; -0.858063;
26.702373; 0.051468; -0.550369; -0.928101;
26.712385; 0.062241; -0.537018; -0.988388;
26.722397; 0.060944; -0.532410; -1.015778;
26.732409; 0.058365; -0.530304; -1.007095;
26.742421; 0.053253; -0.523102; -0.968414;
26.752434; 0.039413; -0.522324; -0.926804;
26.762446; 0.030319; -0.527695; -0.877579;
26.772458; 0.026901; -0.537399; -0.822708;
26.782470; 0.016464; -0.552338; -0.762314;
26.792482; 0.016022; -0.572128; -0.709305;
26.802494; 0.033081; -0.568619; -0.682388;
26.812506; 0.053040; -0.544159; -0.699905;
26.822519; 0.075409; -0.548813; -0.775833;
26.832531; 0.108154; -0.550812; -0.910751;
26.842543; 0.121582; -0.530899; -1.048447;
26.852555; 0.109863; -0.531296; -1.131165;
26.862567; 0.084259; -0.548737; -1.122253;
26.872579; 0.058472; -0.556396; -1.058548;
26.882591; 0.029617; -0.559174; -0.970840;
26.892603; 0.001907; -0.579407; -0.882416;
26.902616; -0.014236; -0.599625; -0.808136;
26.912628; -0.020309; -0.605682; -0.740784;
26.922640; -0.029678; -0.601608; -0.681961;
26.932652; -0.026718; -0.586273; -0.627914;
26.942664; -0.022720; -0.575043; -0.582932;
26.952676; -0.026947; -0.563339; -0.554321;
26.962688; -0.031570; -0.561844; -0.535980;
26.972701; -0.019028; -0.555313; -0.557953;
26.982713; -0.007217; -0.543564; -0.638977;
26.992725; 0.022736; -0.518936; -0.742920;
27.002737; 0.054901; -0.497910; -0.854202;
27.012749; 0.081253; -0.496597; -0.981171;
27.022761; 0.102951; -0.483200; -1.106705;
27.032773; 0.106430; -0.465851; -1.193939;
27.042786; 0.104584; -0.464279; -1.218002;
27.052798; 0.080856; -0.474854; -1.192688;
27.062810; 0.038956; -0.501099; -1.135925;
27.072822; 0.011292; -0.525009; -1.051407;
27.082834; -0.001373; -0.544144; -0.958450;
27.092846; -0.015808; -0.565369; -0.872223;
27.102858; -0.028122; -0.585129; -0.795273;
27.112870; -0.034515; -0.597809; -0.729858;
27.122883; -0.039124; -0.600693; -0.673813;
27.132895; -0.042679; -0.598373; -0.629517;
27.142907; -0.042419; -0.595581; -0.598022;
27.152919; -0.041733; -0.592377; -0.573685;
27.162931; -0.042908; -0.591202; -0.559479;
27.172943; -0.029465; -0.580887; -0.551056;
27.182955; -0.012711; -0.553024; -0.578491;
27.192968; -0.007980; -0.525848; -0.656693;
27.202980; 0.041916; -0.500061; -0.748306;
27.212992; 0.082306; -0.490524; -0.852707;
27.223004; 0.073502; -0.505569; -0.955154;
27.233016; 0.073746; -0.526566; -1.025726;
27.243028; 0.087006; -0.531830; -1.060013;
27.253040; 0.087738; -0.524246; -1.063126;
27.263053; 0.066986; -0.526093; -1.047653;
27.273065; 0.052231; -0.536606; -1.022995;
27.283077; 0.045425; -0.557648; -0.993881;
27.293089; 0.042740; -0.588135; -0.974609;
27.303101; 0.042908; -0.612289; -0.952591;
27.313113; 0.039047; -0.620224; -0.911987;
27.323125; 0.035385; -0.616943; -0.854874;
27.333137; 0.034012; -0.608063; -0.806885;
27.343150; 0.028030; -0.598694; -0.776596;
27.353162; 0.026093; -0.585159; -0.762436;
27.363174; 0.021927; -0.563248; -0.750336;
27.373186; 0.009796; -0.540115; -0.722504;
27.383198; -0.003677; -0.526169; -0.691605;
27.393210; 0.001678; -0.522232; -0.667450;
27.403222; 0.003708; -0.520203; -0.672302;
27.413235; 0.013794; -0.530258; -0.701508;
27.423251; 0.041061; -0.541229; -0.762863;
27.433263; 0.051254; -0.539612; -0.851273;
27.443275; 0.045853; -0.552643; -0.924698;
27.453287; 0.047058; -0.579758; -0.984909;
27.463299; 0.059143; -0.593689; -1.012451;
27.473311; 0.062347; -0.600754; -1.002243;
27.483324; 0.053009; -0.613556; -0.949097;
27.493336; 0.041534; -0.618912; -0.873642;
27.503348; 0.026886; -0.606720; -0.810669;
27.513360; 0.013535; -0.595169; -0.763702;
27.523372; 0.010681; -0.584641; -0.733459;
27.533384; 0.016510; -0.578796; -0.718109;
27.543396; 0.023453; -0.564224; -0.696930;
27.553408; 0.032715; -0.551712; -0.696182;
27.563421; 0.052277; -0.552917; -0.738190;
27.573433; 0.074280; -0.539688; -0.810181;
27.583445; 0.081726; -0.533051; -0.884979;
27.593457; 0.075485; -0.552979; -0.952850;
27.603469; 0.071320; -0.563828; -0.996140;
27.613481; 0.067520; -0.568115; -1.000015;
27.623493; 0.056061; -0.587448; -0.976944;
27.633506; 0.043579; -0.602463; -0.927948;
27.643518; 0.036697; -0.608093; -0.860992;
27.653530; 0.030197; -0.617249; -0.791351;
27.663542; 0.020554; -0.622177; -0.730606;
27.673554; 0.014084; -0.616867; -0.679886;
27.683566; 0.013214; -0.609344; -0.630142;
27.693578; 0.011871; -0.610703; -0.595078;
27.703590; 0.017654; -0.599060; -0.602280;
27.713603; 0.024124; -0.589920; -0.654053;
27.723615; 0.050323; -0.588058; -0.724777;
27.733627; 0.075729; -0.572418; -0.826675;
27.743639; 0.076019; -0.564560; -0.945419;
27.753651; 0.079926; -0.564270; -1.017914;
27.763663; 0.083374; -0.561966; -1.033768;
27.773675; 0.068039; -0.554733; -1.010391;
27.783688; 0.041077; -0.563263; -0.954987;
27.793700; 0.023819; -0.585052; -0.896408;
27.803712; 0.019379; -0.593216; -0.853119;
27.813724; 0.021484; -0.595230; -0.807083;
27.823736; 0.014862; -0.604599; -0.750320;
27.833748; 0.002197; -0.609604; -0.692932;
27.843760; -0.005890; -0.604462; -0.647354;
27.853773; -0.009369; -0.599472; -0.620956;
27.863785; -0.004135; -0.596146; -0.618454;
27.873797; 0.005295; -0.595886; -0.654327;
27.883809; 0.022003; -0.594482; -0.715408;
27.893821; 0.056519; -0.580978; -0.786072;
27.903833; 0.084930; -0.563400; -0.884552;
27.913845; 0.097870; -0.560944; -0.975922;
27.923858; 0.092941; -0.571503; -1.026138;
27.933870; 0.088531; -0.576599; -1.019089;
27.943882; 0.068665; -0.581268; -0.969345;
27.953894; 0.037109; -0.591568; -0.917160;
27.963906; 0.021118; -0.603378; -0.862335;
27.973918; 0.016785; -0.608780; -0.812057;
27.983930; 0.013962; -0.613770; -0.775436;
27.993942; 0.010071; -0.620056; -0.744263;
28.003955; 0.008026; -0.621918; -0.714920;
28.013967; 0.009140; -0.617004; -0.694717;
28.023979; 0.008057; -0.610855; -0.679520;
28.033991; 0.007690; -0.601624; -0.674835;
28.044003; 0.022369; -0.587891; -0.701797;
28.054015; 0.049088; -0.569366; -0.769897;
28.064027; 0.067200; -0.548462; -0.850830;
28.074040; 0.075775; -0.543869; -0.928223;
28.084052; 0.080215; -0.555923; -0.967621;
28.094064; 0.071976; -0.565063; -0.963440;
28.104076; 0.049652; -0.568314; -0.933441;
28.114088; 0.027008; -0.577423; -0.884872;
28.124100; 0.013443; -0.591202; -0.834152;
28.134112; 0.007919; -0.600784; -0.788528;
28.144124; 0.007950; -0.608582; -0.753235;
28.154137; 0.007202; -0.615005; -0.720230;
28.164149; 0.010376; -0.623657; -0.694000;
28.174161; 0.017319; -0.628448; -0.684570;
28.184173; 0.015411; -0.625244; -0.683716;
28.194185; 0.023392; -0.629013; -0.687820;
28.204197; 0.050827; -0.621582; -0.728195;
28.214209; 0.072922; -0.605804; -0.817184;
28.224222; 0.074493; -0.595200; -0.918839;
28.234234; 0.082489; -0.583542; -0.978912;
28.244246; 0.095535; -0.573761; -1.007996;
28.254258; 0.081680; -0.561768; -1.027344;
28.264270; 0.057770; -0.549728; -1.012100;
28.274282; 0.039658; -0.546509; -0.961197;
28.284294; 0.023560; -0.547440; -0.894257;
28.294307; 0.001663; -0.553940; -0.821518;
28.304319; -0.022018; -0.568085; -0.754196;
28.314331; -0.037338; -0.579605; -0.692215;
28.324343; -0.043076; -0.589294; -0.629044;
28.334355; -0.036087; -0.602325; -0.583206;
28.344367; -0.031799; -0.592087; -0.564041;
28.354379; -0.016342; -0.587845; -0.561493;
28.364391; 0.020523; -0.594391; -0.609039;
28.374404; 0.050430; -0.582520; -0.718399;
28.384416; 0.072571; -0.573792; -0.837555;
28.394428; 0.094482; -0.565384; -0.967361;
28.404440; 0.103226; -0.555969; -1.067627;
28.414452; 0.092148; -0.553146; -1.122345;
28.424464; 0.074936; -0.549332; -1.108276;
28.434476; 0.051544; -0.544708; -1.030655;
28.444489; 0.028610; -0.551193; -0.941132;
28.454501; 0.014221; -0.559280; -0.879105;
28.464513; 0.002533; -0.567627; -0.835068;
28.474525; 0.001816; -0.574448; -0.790726;
28.484537; 0.008057; -0.575851; -0.738846;
28.494549; 0.008652; -0.583130; -0.692917;
28.504561; -0.001266; -0.589890; -0.662567;
28.514574; 0.003571; -0.586441; -0.648575;
28.524586; 0.027573; -0.565567; -0.701065;
28.534598; 0.042191; -0.544388; -0.818146;
28.544610; 0.060883; -0.534210; -0.900375;
28.554622; 0.070328; -0.534485; -0.964844;
28.564634; 0.070038; -0.533813; -1.018204;
28.574646; 0.061859; -0.531967; -1.028778;
28.584659; 0.047165; -0.539337; -1.006409;
28.594671; 0.034332; -0.554276; -0.961029;
28.604683; 0.022614; -0.571426; -0.904373;
28.614695; 0.014618; -0.584244; -0.844940;
28.624707; 0.014862; -0.591614; -0.783524;
28.634719; 0.012100; -0.601349; -0.729782;
28.644731; 0.008270; -0.604309; -0.691376;
28.654743; 0.004562; -0.598679; -0.659958;
28.664756; 0.002060; -0.601471; -0.630615;
28.674768; 0.007797; -0.611542; -0.623184;
28.684780; 0.035004; -0.597900; -0.651917;
28.694792; 0.052261; -0.577347; -0.733963;
28.704804; 0.070618; -0.564224; -0.831589;
28.714816; 0.105301; -0.549728; -0.920578;
28.724828; 0.111633; -0.554886; -0.999435;
28.734841; 0.097855; -0.556564; -1.039078;
28.744853; 0.074738; -0.548279; -1.024109;
28.754865; 0.048141; -0.556992; -0.965607;
28.764877; 0.025192; -0.571381; -0.896103;
28.774889; 0.010574; -0.586349; -0.840790;
28.784901; 0.005981; -0.603882; -0.800583;
28.794913; 0.010361; -0.614380; -0.763336;
28.804926; 0.016830; -0.611954; -0.728455;
28.814938; 0.012650; -0.600525; -0.701447;
28.824950; 0.000885; -0.597137; -0.676163;
28.834962; -0.006271; -0.602570; -0.653580;
28.844974; -0.003937; -0.601318; -0.649734;
28.854986; 0.009338; -0.596909; -0.667801;
28.864998; 0.031174; -0.582138; -0.710358;
28.875010; 0.041397; -0.562576; -0.771393;
28.885023; 0.057785; -0.544556; -0.844986;
28.895035; 0.079666; -0.534714; -0.937256;
28.905047; 0.080200; -0.528976; -1.009399;
28.915059; 0.077423; -0.519302; -1.022293;
28.925071; 0.066666; -0.513153; -0.997421;
28.935083; 0.040100; -0.517349; -0.974426;
28.945095; 0.026505; -0.525497; -0.957809;
28.955108; 0.021637; -0.530060; -0.945587;
28.965120; 0.013992; -0.539597; -0.935211;
28.975132; 0.009323; -0.547165; -0.904480;
28.985144; 0.005371; -0.548508; -0.859192;
28.995156; -0.008179; -0.553513; -0.805923;
29.005168; -0.016113; -0.563156; -0.762787;
29.015180; -0.021866; -0.556915; -0.746658;
29.025193; -0.022552; -0.554108; -0.730423;
29.035205; -0.014374; -0.563919; -0.708405;
29.045217; -0.010880; -0.568665; -0.700912;
29.055229; 0.008514; -0.571121; -0.712265;
29.065241; 0.043213; -0.557281; -0.754593;
29.075253; 0.062210; -0.535294; -0.838776;
29.085265; 0.079391; -0.527527; -0.943375;
29.095278; 0.088928; -0.530334; -1.012695;
29.105290; 0.078629; -0.532669; -1.027084;
29.115302; 0.055878; -0.534363; -0.983734;
29.125314; 0.029297; -0.545959; -0.908173;
29.135326; 0.009888; -0.554459; -0.849060;
29.145338; 0.005066; -0.558212; -0.814621;
29.155350; 0.011597; -0.567413; -0.783554;
29.165362; 0.015076; -0.584045; -0.756119;
29.175375; 0.016846; -0.594238; -0.731308;
29.185387; 0.016495; -0.598297; -0.712738;
29.195399; 0.016251; -0.592331; -0.716034;
29.205411; 0.017670; -0.587524; -0.751419;
29.215423; 0.020432; -0.575699; -0.803986;
29.225435; 0.025650; -0.542221; -0.847931;
29.235447; 0.043777; -0.507858; -0.886246;
29.245460; 0.050339; -0.488571; -0.929749;
29.255472; 0.050659; -0.487885; -0.965942;
29.265484; 0.058258; -0.498322; -0.990387;
29.275496; 0.057831; -0.505539; -1.007812;
29.285508; 0.042145; -0.514954; -1.010117;
29.295520; 0.022842; -0.527939; -0.976624;
29.305532; 0.003830; -0.537308; -0.907532;
29.315545; -0.019928; -0.543518; -0.837494;
29.325557; -0.036804; -0.549576; -0.787521;
29.335569; -0.034149; -0.556778; -0.747192;
29.345581; -0.030014; -0.562317; -0.720032;
29.355593; -0.025986; -0.564987; -0.705444;
29.365605; -0.021362; -0.557617; -0.705536;
29.375617; -0.018036; -0.556335; -0.703659;
29.385629; -0.006302; -0.564133; -0.713791;
29.395642; 0.022949; -0.542664; -0.768143;
29.405654; 0.046570; -0.502548; -0.864655;
29.415666; 0.057022; -0.487411; -0.974716;
29.425674; 0.073563; -0.483032; -1.056549;
29.435686; 0.077194; -0.483246; -1.103546;
29.445698; 0.060532; -0.498764; -1.105728;
29.455710; 0.031769; -0.509521; -1.064270;
29.465723; 0.001740; -0.518860; -0.997055;
29.475735; -0.013031; -0.533340; -0.915756;
29.485747; -0.020660; -0.555466; -0.841339;
29.495759; -0.023636; -0.571701; -0.773849;
29.505771; -0.031647; -0.580841; -0.717407;
29.515783; -0.023117; -0.588654; -0.680466;
29.525795; -0.024002; -0.583084; -0.644852;
29.535808; -0.032486; -0.586914; -0.620499;
29.545820; -0.025040; -0.590530; -0.604630;
29.555832; 0.004837; -0.573212; -0.631790;
29.565844; 0.036514; -0.545425; -0.725998;
29.575856; 0.063934; -0.532486; -0.844955;
29.585868; 0.089493; -0.524033; -0.959488;
29.595880; 0.089005; -0.518082; -1.028214;
29.605892; 0.092102; -0.511444; -1.047882;
29.615905; 0.093964; -0.510635; -1.025238;
29.625917; 0.068283; -0.533600; -1.002823;
29.635929; 0.040878; -0.561157; -0.963120;
29.645941; 0.027039; -0.577438; -0.910126;
29.655953; 0.024033; -0.582932; -0.867157;
29.665965; 0.023621; -0.584778; -0.821014;
29.675977; 0.015686; -0.591293; -0.772629;
29.685990; 0.004807; -0.601303; -0.721252;
29.696002; -0.003265; -0.607391; -0.672272;
29.706014; -0.007660; -0.608643; -0.643051;
29.716026; -0.007172; -0.603790; -0.628876;
29.726038; 0.009460; -0.595108; -0.623322;
29.736050; 0.033722; -0.582916; -0.674866;
29.746062; 0.057449; -0.563034; -0.772079;
29.756075; 0.082443; -0.533630; -0.883270;
29.766087; 0.104019; -0.514236; -0.992722;
29.776099; 0.112473; -0.511795; -1.048080;
29.786111; 0.102249; -0.509140; -1.061600;
29.796123; 0.080826; -0.516052; -1.046249;
29.806135; 0.051086; -0.539429; -1.032852;
29.816147; 0.034546; -0.567902; -1.011307;
29.826160; 0.025925; -0.582901; -0.967072;
29.836172; 0.015015; -0.587784; -0.909592;
29.846184; 0.005539; -0.590698; -0.839111;
29.856196; -0.002747; -0.594177; -0.776306;
29.866208; -0.011063; -0.589691; -0.733704;
29.876220; -0.024582; -0.591797; -0.692123;
29.886232; -0.027634; -0.603882; -0.641235;
29.896244; -0.023804; -0.604568; -0.603195;
29.906257; -0.016357; -0.595917; -0.582352;
29.916269; 0.002380; -0.584518; -0.579803;
29.926281; 0.015015; -0.578156; -0.605499;
29.936293; 0.030991; -0.583786; -0.658997;
29.946305; 0.062729; -0.582489; -0.728241;
29.956317; 0.084778; -0.570251; -0.823730;
29.966329; 0.085876; -0.568710; -0.898315;
29.976342; 0.088211; -0.580292; -0.933762;
29.986354; 0.091736; -0.578552; -0.926758;
29.996366; 0.076813; -0.582306; -0.908096;
30.006378; 0.067368; -0.598480; -0.900574;
30.016390; 0.070038; -0.611115; -0.914093;
30.026402; 0.074432; -0.619354; -0.933456;
30.036414; 0.079819; -0.622559; -0.933411;
30.046427; 0.074860; -0.620316; -0.907074;
30.056439; 0.062042; -0.615234; -0.859116;
30.066451; 0.046356; -0.614090; -0.810425;
30.076463; 0.032104; -0.615067; -0.782761;
30.086475; 0.020966; -0.610596; -0.779510;
30.096487; 0.013412; -0.607010; -0.776459;
30.106499; 0.010513; -0.606049; -0.763489;
30.116511; 0.010712; -0.597778; -0.751907;
30.126524; 0.018600; -0.583618; -0.744644;
30.136536; 0.030258; -0.562729; -0.754700;
30.146548; 0.035889; -0.552979; -0.796448;
30.156560; 0.056183; -0.544922; -0.834824;
30.166572; 0.068344; -0.529587; -0.870041;
30.176584; 0.055649; -0.524750; -0.901627;
30.186596; 0.049545; -0.527756; -0.902023;
30.196609; 0.046204; -0.524628; -0.899292;
30.206621; 0.036819; -0.528183; -0.903610;
30.216633; 0.033310; -0.544098; -0.896729;
30.226645; 0.024445; -0.563660; -0.895721;
30.236657; 0.019745; -0.581650; -0.884735;
30.246669; 0.021393; -0.581696; -0.881958;
30.256681; 0.019180; -0.577133; -0.899368;
30.266694; 0.016968; -0.574875; -0.883438;
30.276706; 0.001450; -0.573593; -0.842484;
30.286718; -0.010208; -0.573807; -0.808334;
30.296730; -0.012772; -0.570068; -0.777313;
30.306742; -0.018631; -0.565353; -0.754654;
30.316754; -0.025299; -0.579391; -0.732925;
30.326766; -0.021072; -0.598175; -0.702911;
30.336778; -0.005753; -0.594696; -0.696091;
30.346791; -0.011230; -0.598770; -0.701736;
30.356803; -0.008621; -0.600113; -0.706314;
30.366815; 0.017822; -0.581314; -0.713394;
30.376827; 0.025253; -0.564545; -0.752853;
30.386839; 0.030365; -0.557617; -0.800858;
30.396851; 0.052704; -0.540100; -0.847748;
30.406863; 0.063873; -0.518600; -0.907135;
30.416876; 0.071320; -0.516068; -0.954422;
30.426889; 0.085083; -0.519272; -0.999451;
30.436901; 0.065979; -0.524750; -1.036804;
30.446913; 0.040146; -0.541885; -1.022415;
30.456925; 0.019516; -0.557907; -0.971313;
30.466937; 0.002014; -0.565353; -0.910446;
30.476949; -0.010849; -0.568344; -0.845627;
30.486962; -0.022659; -0.577988; -0.794449;
30.496974; -0.027481; -0.594803; -0.756210;
30.506986; -0.028809; -0.608444; -0.731644;
30.516998; -0.034073; -0.610779; -0.717056;
30.527010; -0.035873; -0.612915; -0.696930;
30.537022; -0.035995; -0.611069; -0.671051;
30.547034; -0.031097; -0.594193; -0.644852;
30.557046; -0.015518; -0.576248; -0.643494;
30.567059; 0.001648; -0.555237; -0.704926;
30.577071; 0.022018; -0.531830; -0.807144;
30.587083; 0.059174; -0.509399; -0.885178;
30.597095; 0.080658; -0.503845; -0.942551;
30.607107; 0.065735; -0.526245; -0.982666;
30.617119; 0.063187; -0.535446; -0.981186;
30.627132; 0.059326; -0.534561; -0.947937;
30.637144; 0.044220; -0.548279; -0.902924;
30.647156; 0.031647; -0.572205; -0.859818;
30.657168; 0.027863; -0.600113; -0.829926;
30.667180; 0.031128; -0.623901; -0.814163;
30.677192; 0.033112; -0.639801; -0.799088;
30.687204; 0.032516; -0.648941; -0.780441;
30.697216; 0.029404; -0.649384; -0.758575;
30.707229; 0.028351; -0.636215; -0.730270;
30.717241; 0.038910; -0.620087; -0.721741;
30.727253; 0.046280; -0.606628; -0.757217;
30.737265; 0.047470; -0.591675; -0.788528;
30.747277; 0.060837; -0.578476; -0.801117;
30.757289; 0.076508; -0.561890; -0.832138;
30.767301; 0.074615; -0.549561; -0.871231;
30.777314; 0.073944; -0.551315; -0.879639;
30.787326; 0.077103; -0.561646; -0.874466;
30.797338; 0.068527; -0.571976; -0.873062;
30.807350; 0.057617; -0.585449; -0.870972;
30.817362; 0.063324; -0.591232; -0.863022;
30.827374; 0.063644; -0.590210; -0.853104;
30.837386; 0.053497; -0.596710; -0.856094;
30.847398; 0.048950; -0.611389; -0.864700;
30.857411; 0.064224; -0.620361; -0.872101;
30.867423; 0.068695; -0.635483; -0.877472;
30.877435; 0.054245; -0.648758; -0.862320;
30.887447; 0.045364; -0.654205; -0.827744;
30.897459; 0.042297; -0.648972; -0.785370;
30.907471; 0.033691; -0.639969; -0.746857;
30.917483; 0.020279; -0.635193; -0.717392;
30.927496; 0.011902; -0.628281; -0.679413;
30.937508; -0.008881; -0.624573; -0.632095;
30.947520; -0.004654; -0.612015; -0.582962;
30.957532; 0.010880; -0.594208; -0.586441;
30.967544; 0.026596; -0.573318; -0.672073;
30.977556; 0.066345; -0.550827; -0.767883;
30.987568; 0.095810; -0.553146; -0.892303;
30.997581; 0.107269; -0.556519; -1.012161;
31.007593; 0.110413; -0.551834; -1.085617;
31.017605; 0.103271; -0.548706; -1.086243;
31.027617; 0.068909; -0.568680; -1.047028;
31.037629; 0.029938; -0.590958; -1.008133;
31.047641; 0.006851; -0.601913; -0.953430;
31.057653; -0.004623; -0.618332; -0.865936;
31.067666; -0.018982; -0.637619; -0.784912;
31.077678; -0.033066; -0.643509; -0.704666;
31.087690; -0.045135; -0.634521; -0.624634;
31.097702; -0.053635; -0.621567; -0.554764;
31.107714; -0.055969; -0.613220; -0.501541;
31.117726; -0.052917; -0.610672; -0.483490;
31.127738; -0.038788; -0.597549; -0.525574;
31.137750; -0.008087; -0.575989; -0.619720;
31.147763; 0.030472; -0.561096; -0.722031;
31.157775; 0.061325; -0.548828; -0.841400;
31.167787; 0.067078; -0.532303; -0.971252;
31.177799; 0.067215; -0.528870; -1.072342;
31.187811; 0.078171; -0.529907; -1.115875;
31.197823; 0.072235; -0.525589; -1.110275;
31.207835; 0.042664; -0.535873; -1.070312;
31.217848; 0.023392; -0.546509; -1.005051;
31.227860; 0.013275; -0.553482; -0.937347;
31.237872; -0.006561; -0.577469; -0.880493;
31.247884; -0.018723; -0.592957; -0.835129;
31.257896; -0.022522; -0.590332; -0.779709;
31.267908; -0.038940; -0.590363; -0.710922;
31.277920; -0.057129; -0.594391; -0.646408;
31.287933; -0.074371; -0.594437; -0.589828;
31.297945; -0.083954; -0.594650; -0.551666;
31.307957; -0.069962; -0.582169; -0.538376;
31.317969; -0.038208; -0.549774; -0.555359;
31.327981; -0.001526; -0.529938; -0.620834;
31.337993; 0.037781; -0.509949; -0.770050;
31.348005; 0.077744; -0.490112; -0.954407;
31.358018; 0.116684; -0.469589; -1.121307;
31.368030; 0.134018; -0.456451; -1.238129;
31.378042; 0.118042; -0.463211; -1.299286;
31.388054; 0.089325; -0.481659; -1.283142;
31.398066; 0.047211; -0.510117; -1.193710;
31.408078; 0.005997; -0.546234; -1.080307;
31.418090; -0.008408; -0.553101; -0.973526;
31.428104; -0.014420; -0.561584; -0.871246;
31.438117; -0.018448; -0.593033; -0.776794;
31.448129; -0.024216; -0.615646; -0.689438;
31.458141; -0.030060; -0.616425; -0.618774;
31.468153; -0.033524; -0.607086; -0.561234;
31.478165; -0.043137; -0.593872; -0.527634;
31.488177; -0.056137; -0.581696; -0.525253;
31.498190; -0.065308; -0.588867; -0.527740;
31.508203; -0.053619; -0.589676; -0.545227;
31.518214; -0.018188; -0.560501; -0.613190;
31.528226; 0.013672; -0.529755; -0.721695;
31.538238; 0.048721; -0.503387; -0.857483;
31.548250; 0.079697; -0.477203; -1.017166;
31.558262; 0.094208; -0.468338; -1.132736;
31.568274; 0.113968; -0.468719; -1.175476;
31.578287; 0.108597; -0.460648; -1.182373;
31.588300; 0.069138; -0.470840; -1.160751;
31.598311; 0.041733; -0.505325; -1.100006;
31.608323; 0.024445; -0.538040; -1.025543;
31.618335; 0.003876; -0.561584; -0.954849;
31.628348; -0.007660; -0.574463; -0.878189;
31.638359; -0.014160; -0.584793; -0.797379;
31.648372; -0.020645; -0.592773; -0.731735;
31.658384; -0.026321; -0.597839; -0.686447;
31.668396; -0.028397; -0.593018; -0.671631;
31.678408; -0.024948; -0.585800; -0.658295;
31.688420; -0.019745; -0.588776; -0.642456;
31.698432; -0.018555; -0.581009; -0.640488;
31.708445; -0.014465; -0.567001; -0.636200;
31.718458; 0.004288; -0.552292; -0.641281;
31.728469; 0.030411; -0.532547; -0.697464;
31.738481; 0.045441; -0.516724; -0.800171;
31.748493; 0.069183; -0.494232; -0.919647;
31.758505; 0.090683; -0.466003; -1.000076;
31.768517; 0.103271; -0.456558; -1.048553;
31.778529; 0.109665; -0.447266; -1.087357;
31.788542; 0.096069; -0.432449; -1.114182;
31.798555; 0.076309; -0.444977; -1.115005;
31.808566; 0.056274; -0.477219; -1.104996;
31.818578; 0.044281; -0.504684; -1.079956;
31.828590; 0.030106; -0.524918; -1.035767;
31.838602; 0.015015; -0.542847; -0.978897;
31.848614; 0.000397; -0.552856; -0.911880;
31.858626; -0.011337; -0.561478; -0.838120;
31.868639; -0.023483; -0.575836; -0.773544;
31.878652; -0.030991; -0.592438; -0.730209;
31.888663; -0.032578; -0.593872; -0.693970;
31.898675; -0.024780; -0.587158; -0.647552;
31.908687; -0.024368; -0.584030; -0.605957;
31.918700; -0.028122; -0.580414; -0.583023;
31.928711; -0.014313; -0.561157; -0.582245;
31.938724; 0.007248; -0.530426; -0.632187;
31.948736; 0.035995; -0.496475; -0.753601;
31.958749; 0.066620; -0.471207; -0.881302;
31.968760; 0.095535; -0.453522; -1.007492;
31.978772; 0.113190; -0.444641; -1.102203;
31.988784; 0.100082; -0.456680; -1.121124;
31.998797; 0.070541; -0.477524; -1.084656;
32.008808; 0.045364; -0.497681; -1.022491;
32.018821; 0.025360; -0.524124; -0.956268;
32.028833; 0.019012; -0.546036; -0.893143;
32.038845; 0.020615; -0.560318; -0.839767;
32.048857; 0.023453; -0.571518; -0.799911;
32.058869; 0.021362; -0.595749; -0.761917;
32.068881; 0.019821; -0.622879; -0.730469;
32.078894; 0.017258; -0.639221; -0.714645;
32.088907; 0.019150; -0.638718; -0.705948;
32.098918; 0.021973; -0.626785; -0.698730;
32.108930; 0.032593; -0.615829; -0.702927;
32.118942; 0.054459; -0.592987; -0.759750;
32.128954; 0.071960; -0.560883; -0.833359;
32.138966; 0.095795; -0.533188; -0.883072;
32.148978; 0.108139; -0.502487; -0.953247;
32.158991; 0.104980; -0.485611; -1.026505;
32.169004; 0.090836; -0.501892; -1.032578;
32.179015; 0.076218; -0.517181; -0.972900;
32.189027; 0.054047; -0.525925; -0.915375;
32.199039; 0.026413; -0.551849; -0.875443;
32.209051; 0.023300; -0.587509; -0.835327;
32.219063; 0.030533; -0.616150; -0.811340;
32.229076; 0.035782; -0.629501; -0.801559;
32.239088; 0.044495; -0.622620; -0.799927;
32.249101; 0.040543; -0.613998; -0.787094;
32.259112; 0.027893; -0.610550; -0.759750;
32.269124; 0.014572; -0.603104; -0.738388;
32.279136; 0.005936; -0.593307; -0.719482;
32.289149; 0.007385; -0.582367; -0.691818;
32.299162; -0.004913; -0.574783; -0.680588;
32.309173; -0.011139; -0.575546; -0.703461;
32.319185; 0.004623; -0.568405; -0.756149;
32.329198; 0.037033; -0.547119; -0.820633;
32.339209; 0.051498; -0.539139; -0.882492;
32.349221; 0.053299; -0.553635; -0.957901;
32.359233; 0.065720; -0.556290; -0.999619;
32.369246; 0.069061; -0.542374; -1.008514;
32.379259; 0.047424; -0.531433; -0.969147;
32.389270; 0.014603; -0.547379; -0.902451;
32.399282; -0.005692; -0.569656; -0.847061;
32.409294; -0.015808; -0.587357; -0.801788;
32.419306; -0.018402; -0.604736; -0.756653;
32.429315; -0.022446; -0.610535; -0.721725;
32.439327; -0.025345; -0.598724; -0.690384;
32.449340; -0.027191; -0.584137; -0.667068;
32.459352; -0.020615; -0.565628; -0.652954;
32.469364; -0.024277; -0.555237; -0.661499;
32.479376; -0.024597; -0.551102; -0.695801;
32.489388; 0.000229; -0.524429; -0.745163;
32.499400; 0.030502; -0.481689; -0.800491;
32.509412; 0.053452; -0.456772; -0.894196;
32.519425; 0.069626; -0.452805; -1.025101;
32.529437; 0.077911; -0.453369; -1.123428;
32.539449; 0.090546; -0.462723; -1.171692;
32.549461; 0.079773; -0.473831; -1.183838;
32.559473; 0.058350; -0.489807; -1.161392;
32.569485; 0.040421; -0.513885; -1.080017;
32.579497; 0.017395; -0.533432; -0.986954;
32.589509; 0.008301; -0.548325; -0.904114;
32.599522; -0.004135; -0.562210; -0.816391;
32.609534; -0.016098; -0.586090; -0.761810;
32.619546; -0.012802; -0.586502; -0.708755;
32.629558; -0.026825; -0.586639; -0.657410;
32.639570; -0.040359; -0.591064; -0.611542;
32.649582; -0.047089; -0.601334; -0.598877;
32.659594; -0.056015; -0.594391; -0.611252;
32.669607; -0.042511; -0.563980; -0.642380;
32.679619; 0.002136; -0.517197; -0.680328;
32.689631; 0.034317; -0.476028; -0.745209;
32.699643; 0.043900; -0.446289; -0.858124;
32.709655; 0.050644; -0.445877; -0.997238;
32.719667; 0.077850; -0.460724; -1.093353;
32.729679; 0.091187; -0.457657; -1.124176;
32.739692; 0.066208; -0.447968; -1.104797;
32.749704; 0.023956; -0.460159; -1.052979;
32.759716; 0.001907; -0.478973; -0.998734;
32.769728; 0.002960; -0.492966; -0.941940;
32.779740; -0.003784; -0.523468; -0.882050;
32.789752; -0.017838; -0.568436; -0.830322;
32.799764; -0.020630; -0.601700; -0.792374;
32.809777; -0.020599; -0.615509; -0.764465;
32.819789; -0.023407; -0.628174; -0.726517;
32.829801; -0.026535; -0.639862; -0.690613;
32.839813; -0.019867; -0.621979; -0.673325;
32.849825; -0.005798; -0.594513; -0.678162;
32.859837; 0.013885; -0.566589; -0.698441;
32.869849; 0.026749; -0.541550; -0.739273;
32.879862; 0.048218; -0.510651; -0.789352;
32.889874; 0.074936; -0.482590; -0.880569;
32.899886; 0.083893; -0.473633; -0.989929;
32.909898; 0.090012; -0.476944; -1.049652;
32.919910; 0.091354; -0.491440; -1.047241;
32.929922; 0.078232; -0.504456; -1.043930;
32.939934; 0.066391; -0.505402; -1.027267;
32.949947; 0.048691; -0.521500; -0.969849;
32.959959; 0.031189; -0.546936; -0.914978;
32.969971; 0.022186; -0.562500; -0.875748;
32.979983; 0.020157; -0.579407; -0.829895;
32.989995; 0.012344; -0.604675; -0.783646;
33.000007; 0.001404; -0.620056; -0.740875;
33.010019; -0.006653; -0.630417; -0.695984;
33.020031; -0.011322; -0.632477; -0.658081;
33.030044; -0.013611; -0.625168; -0.634979;
33.040056; -0.004303; -0.608444; -0.635864;
33.050068; 0.015381; -0.578217; -0.671677;
33.060080; 0.045242; -0.552109; -0.726715;
33.070092; 0.072861; -0.532257; -0.819565;
33.080104; 0.088364; -0.518951; -0.923599;
33.090116; 0.099854; -0.517197; -0.998428;
33.100129; 0.103943; -0.517731; -1.032867;
33.110141; 0.085037; -0.531067; -1.037857;
33.120153; 0.066498; -0.551086; -1.004608;
33.130165; 0.048401; -0.573929; -0.959732;
33.140177; 0.039337; -0.597397; -0.916611;
33.150189; 0.038208; -0.617844; -0.867584;
33.160201; 0.038132; -0.635208; -0.811401;
33.170214; 0.035278; -0.649567; -0.756409;
33.180226; 0.026810; -0.663895; -0.712524;
33.190238; 0.021332; -0.668701; -0.678986;
33.200250; 0.018326; -0.663940; -0.643906;
33.210262; 0.010757; -0.661118; -0.627045;
33.220274; 0.005463; -0.652023; -0.619034;
33.230286; 0.008347; -0.630020; -0.623886;
33.240299; 0.011810; -0.606430; -0.630066;
33.250311; 0.013550; -0.593964; -0.642792;
33.260323; 0.026505; -0.586975; -0.674271;
33.270335; 0.052368; -0.580704; -0.742386;
33.280347; 0.064178; -0.569260; -0.838150;
33.290359; 0.083344; -0.552048; -0.902420;
33.300371; 0.098679; -0.533279; -0.938660;
33.310384; 0.092346; -0.514114; -0.981995;
33.320396; 0.079819; -0.498444; -1.015274;
33.330408; 0.074707; -0.501831; -1.037659;
33.340420; 0.067490; -0.510651; -1.051300;
33.350432; 0.046738; -0.525528; -1.049850;
33.360444; 0.028122; -0.542984; -1.021988;
33.370456; 0.004364; -0.563370; -0.964737;
33.380469; -0.020294; -0.582230; -0.900879;
33.390481; -0.029099; -0.592178; -0.840500;
33.400493; -0.037033; -0.602783; -0.777740;
33.410505; -0.046021; -0.615723; -0.723480;
33.420517; -0.049377; -0.614441; -0.684280;
33.430529; -0.046143; -0.600021; -0.652771;
33.440541; -0.046524; -0.595398; -0.616333;
33.450553; -0.050629; -0.588684; -0.579453;
33.460566; -0.035248; -0.565628; -0.571030;
33.470578; -0.004990; -0.539780; -0.648834;
33.480590; 0.021820; -0.515717; -0.771744;
33.490602; 0.056992; -0.493683; -0.891983;
33.500614; 0.072266; -0.478561; -1.016434;
33.510626; 0.071259; -0.471054; -1.109375;
33.520638; 0.069138; -0.473557; -1.127396;
33.530651; 0.052994; -0.487091; -1.082764;
33.540663; 0.019485; -0.507034; -1.024399;
33.550675; -0.008881; -0.527191; -0.970062;
33.560687; -0.007996; -0.549622; -0.909119;
33.570699; -0.005798; -0.577896; -0.846848;
33.580711; -0.015991; -0.603851; -0.788345;
33.590723; -0.019730; -0.621307; -0.725754;
33.600736; -0.026001; -0.628433; -0.670700;
33.610748; -0.031158; -0.618393; -0.637665;
33.620760; -0.034058; -0.600250; -0.623779;
33.630772; -0.021530; -0.597778; -0.631180;
33.640784; 0.001709; -0.590973; -0.675278;
33.650796; 0.026535; -0.562424; -0.757599;
33.660808; 0.046341; -0.540207; -0.844101;
33.670821; 0.066116; -0.534866; -0.911652;
33.680833; 0.076187; -0.534500; -0.957184;
33.690845; 0.067947; -0.540649; -0.988007;
33.700857; 0.050583; -0.560501; -0.984131;
33.710869; 0.034149; -0.594147; -0.944351;
33.720881; 0.025787; -0.616257; -0.900894;
33.730893; 0.020737; -0.619446; -0.855377;
33.740906; 0.016342; -0.621216; -0.808899;
33.750918; 0.019424; -0.618729; -0.769135;
33.760930; 0.027603; -0.607224; -0.734756;
33.770942; 0.027313; -0.599518; -0.706039;
33.780954; 0.028320; -0.594131; -0.697922;
33.790966; 0.027786; -0.582336; -0.713089;
33.800978; 0.019699; -0.581757; -0.755768;
33.810990; 0.023926; -0.580261; -0.804642;
33.821003; 0.034363; -0.572342; -0.851562;
33.831015; 0.042740; -0.567200; -0.897217;
33.841027; 0.038391; -0.566971; -0.909882;
33.851039; 0.037277; -0.574860; -0.889526;
33.861051; 0.038956; -0.581573; -0.865021;
33.871063; 0.032639; -0.586380; -0.839584;
33.881075; 0.022675; -0.600952; -0.801880;
33.891088; 0.015442; -0.616745; -0.761246;
33.901100; 0.011932; -0.622574; -0.726120;
33.911112; 0.010010; -0.620636; -0.696213;
33.921124; 0.011200; -0.627045; -0.689148;
33.931136; 0.030853; -0.604813; -0.708130;
33.941148; 0.047424; -0.567352; -0.771561;
33.951160; 0.065491; -0.557281; -0.844315;
33.961173; 0.087708; -0.563782; -0.917953;
33.971185; 0.094086; -0.555923; -0.996384;
33.981197; 0.086334; -0.539398; -1.048447;
33.991209; 0.076935; -0.552124; -1.039764;
34.001221; 0.051788; -0.578690; -1.003342;
34.011233; 0.031662; -0.581894; -0.959854;
34.021245; 0.019455; -0.587570; -0.872406;
34.031258; 0.000992; -0.607574; -0.783981;
34.041270; -0.007690; -0.616837; -0.713303;
34.051282; -0.011612; -0.612396; -0.655579;
34.061294; -0.014084; -0.601624; -0.610535;
34.071306; -0.014389; -0.589966; -0.583038;
34.081318; -0.011246; -0.582397; -0.582108;
34.091330; 0.006927; -0.573196; -0.618271;
34.101343; 0.027832; -0.566330; -0.686234;
34.111355; 0.038712; -0.567993; -0.763199;
34.121367; 0.054947; -0.569550; -0.852249;
34.131379; 0.066620; -0.561310; -0.955643;
34.141391; 0.069855; -0.550690; -1.012909;
34.151403; 0.071045; -0.533752; -1.040375;
34.161415; 0.070633; -0.515930; -1.033081;
34.171428; 0.056183; -0.504715; -1.005219;
34.181440; 0.039078; -0.506226; -0.970596;
34.191452; 0.027679; -0.516632; -0.939789;
34.201464; 0.018982; -0.534851; -0.916611;
34.211476; 0.013428; -0.552567; -0.895950;
34.221488; 0.014587; -0.551132; -0.871307;
34.231500; 0.002563; -0.545532; -0.842041;
34.241513; -0.014969; -0.540054; -0.816711;
34.251525; -0.021790; -0.532227; -0.798569;
34.261537; -0.022766; -0.533386; -0.786423;
34.271549; -0.024292; -0.531219; -0.776413;
34.281561; -0.026016; -0.524277; -0.761963;
34.291573; -0.020340; -0.514236; -0.747086;
34.301585; -0.008789; -0.497894; -0.761261;
34.311597; 0.008316; -0.486710; -0.817825;
34.321610; 0.023987; -0.485153; -0.874847;
34.331622; 0.027740; -0.483917; -0.921600;
34.341634; 0.018799; -0.490234; -0.955841;
34.351646; 0.009155; -0.502731; -0.957474;
34.361658; 0.000931; -0.512863; -0.946365;
34.371670; -0.007599; -0.526932; -0.926208;
34.381682; -0.014160; -0.546387; -0.896835;
34.391695; -0.007782; -0.559097; -0.860626;
34.401707; 0.000076; -0.569626; -0.813232;
34.411719; 0.001266; -0.581635; -0.763351;
34.421731; -0.001862; -0.590530; -0.719910;
34.431746; -0.004669; -0.591980; -0.678146;
34.441758; 0.002670; -0.587173; -0.645493;
34.451770; 0.023361; -0.568420; -0.652390;
34.461783; 0.035660; -0.554245; -0.712112;
34.471795; 0.064209; -0.552567; -0.776825;
34.481807; 0.094009; -0.547287; -0.877686;
34.491819; 0.102264; -0.533707; -1.004715;
34.501831; 0.098099; -0.523392; -1.077133;
34.511843; 0.092896; -0.521515; -1.075668;
34.521855; 0.083801; -0.514725; -1.043808;
34.531868; 0.053802; -0.511276; -0.985977;
34.541880; 0.027939; -0.529480; -0.939087;
34.551892; 0.022171; -0.545197; -0.900543;
34.561904; 0.026566; -0.559830; -0.859177;
34.571916; 0.022964; -0.579773; -0.816467;
34.581928; 0.014023; -0.588776; -0.772736;
34.591940; 0.006363; -0.590988; -0.729309;
34.601953; -0.000275; -0.590088; -0.695694;
34.611965; -0.007431; -0.591293; -0.674225;
34.621977; -0.008118; -0.592194; -0.659180;
34.631989; 0.002182; -0.586960; -0.648758;
34.642001; 0.011566; -0.581985; -0.650406;
34.652013; 0.019989; -0.583527; -0.666428;
34.662025; 0.040894; -0.580978; -0.706223;
34.672038; 0.069977; -0.568924; -0.783096;
34.682050; 0.094330; -0.557556; -0.870697;
34.692062; 0.096680; -0.558807; -0.949432;
34.702074; 0.089920; -0.556625; -0.990005;
34.712086; 0.087311; -0.549591; -0.994003;
34.722098; 0.085510; -0.540939; -0.975189;
34.732110; 0.080795; -0.538544; -0.951202;
34.742123; 0.073624; -0.540421; -0.952820;
34.752135; 0.072632; -0.542023; -0.969574;
34.762147; 0.077820; -0.553055; -0.981079;
34.772159; 0.072464; -0.554901; -0.979858;
34.782171; 0.056808; -0.561996; -0.937378;
34.792183; 0.024399; -0.582092; -0.857071;
34.802195; -0.000702; -0.591461; -0.786316;
34.812207; -0.010544; -0.580734; -0.733154;
34.822220; -0.017365; -0.566269; -0.692703;
34.832232; -0.022278; -0.560272; -0.648209;
34.842244; -0.014435; -0.566559; -0.613983;
34.852256; 0.011261; -0.558136; -0.609406;
34.862268; 0.036255; -0.554657; -0.637650;
34.872280; 0.066055; -0.562042; -0.714432;
34.882292; 0.094742; -0.559235; -0.811401;
34.892305; 0.110672; -0.565292; -0.909943;
34.902317; 0.123199; -0.567001; -1.013779;
34.912329; 0.119385; -0.559830; -1.091797;
34.922341; 0.113251; -0.553741; -1.110977;
34.932353; 0.099930; -0.560364; -1.080231;
34.942365; 0.077530; -0.586182; -0.991669;
34.952377; 0.059998; -0.591080; -0.892380;
34.962390; 0.044601; -0.573074; -0.809387;
34.972402; 0.027664; -0.569809; -0.737946;
34.982414; 0.010315; -0.573380; -0.692734;
34.992426; 0.001114; -0.566422; -0.663803;
35.002438; -0.001648; -0.566818; -0.653168;
35.012450; 0.019897; -0.569809; -0.660828;
35.022462; 0.059723; -0.544067; -0.684601;
35.032475; 0.080750; -0.503647; -0.727814;
35.042487; 0.068848; -0.516296; -0.806671;
35.052499; 0.062302; -0.542755; -0.896606;
35.062511; 0.061905; -0.544403; -0.994919;
35.072523; 0.068848; -0.545746; -1.061584;
35.082535; 0.064163; -0.555099; -1.084015;
35.092547; 0.059921; -0.560242; -1.048706;
35.102560; 0.050354; -0.557663; -0.970657;
35.112572; 0.035233; -0.551086; -0.896027;
35.122584; 0.034576; -0.544403; -0.835800;
35.132596; 0.027481; -0.557373; -0.764465;
35.142608; 0.021225; -0.582306; -0.702286;
35.152620; 0.026978; -0.577301; -0.675720;
35.162632; 0.033447; -0.563232; -0.670609;
35.172645; 0.043091; -0.566544; -0.672302;
35.182657; 0.057541; -0.561798; -0.713837;
35.192669; 0.068695; -0.557144; -0.801422;
35.202681; 0.064941; -0.558548; -0.893295;
35.212693; 0.064026; -0.552734; -0.971359;
35.222705; 0.074905; -0.545914; -1.000168;
35.232717; 0.073761; -0.541168; -0.997345;
35.242730; 0.063232; -0.544571; -0.969421;
35.252742; 0.062653; -0.553787; -0.942184;
35.262754; 0.063416; -0.548981; -0.918365;
35.272766; 0.047714; -0.547958; -0.881287;
35.282778; 0.028992; -0.564743; -0.837769;
35.292790; 0.022064; -0.575455; -0.786911;
35.302802; 0.017654; -0.571960; -0.736252;
35.312815; 0.013092; -0.575439; -0.693390;
35.322827; 0.008240; -0.581604; -0.665421;
35.332839; 0.000931; -0.592102; -0.656265;
35.342851; 0.005035; -0.620682; -0.658890;
35.352863; 0.040680; -0.630737; -0.704422;
35.362875; 0.069916; -0.617523; -0.806183;
35.372887; 0.082047; -0.605240; -0.906113;
35.382900; 0.101898; -0.587997; -0.952576;
35.392912; 0.099426; -0.571075; -0.981567;
35.402924; 0.084488; -0.560120; -0.979126;
35.412936; 0.060394; -0.558136; -0.925323;
35.422944; 0.035156; -0.564682; -0.872803;
35.432956; 0.023300; -0.569839; -0.829422;
35.442968; 0.022766; -0.580551; -0.784760;
35.452981; 0.024002; -0.600983; -0.742981;
35.462993; 0.024734; -0.613861; -0.705948;
35.473005; 0.028168; -0.618576; -0.672592;
35.483017; 0.027679; -0.627014; -0.649277;
35.493029; 0.022919; -0.634109; -0.640457;
35.503041; 0.029663; -0.632309; -0.652725;
35.513053; 0.051163; -0.616943; -0.690872;
35.523065; 0.061981; -0.600540; -0.742599;
35.533078; 0.077469; -0.596634; -0.805450;
35.543090; 0.093704; -0.589600; -0.894440;
35.553102; 0.104858; -0.583038; -0.973022;
35.563114; 0.108475; -0.583115; -0.991516;
35.573126; 0.094727; -0.588806; -0.961288;
35.583138; 0.074646; -0.590698; -0.901184;
35.593150; 0.048676; -0.603958; -0.836777;
35.603163; 0.043701; -0.623672; -0.781952;
35.613175; 0.051132; -0.641129; -0.734482;
35.623187; 0.047058; -0.655411; -0.701538;
35.633199; 0.045273; -0.665085; -0.674942;
35.643211; 0.039627; -0.670547; -0.651672;
35.653223; 0.037872; -0.672852; -0.637726;
35.663235; 0.053635; -0.661514; -0.663437;
35.673248; 0.058929; -0.644989; -0.710648;
35.683260; 0.082214; -0.621613; -0.756378;
35.693272; 0.102661; -0.598495; -0.835663;
35.703284; 0.098740; -0.584717; -0.901581;
35.713296; 0.083527; -0.576111; -0.929077;
35.723308; 0.079468; -0.567047; -0.918900;
35.733320; 0.079361; -0.550797; -0.877701;
35.743333; 0.061691; -0.548431; -0.862305;
35.753345; 0.044327; -0.552444; -0.854218;
35.763357; 0.041306; -0.567841; -0.844757;
35.773369; 0.050507; -0.574448; -0.845993;
35.783381; 0.060379; -0.573776; -0.840744;
35.793393; 0.054230; -0.582932; -0.839340;
35.803405; 0.039322; -0.585587; -0.831131;
35.813418; 0.029617; -0.592026; -0.802322;
35.823430; 0.030045; -0.604294; -0.770721;
35.833442; 0.032364; -0.607651; -0.748642;
35.843454; 0.032806; -0.607315; -0.723404;
35.853466; 0.044052; -0.610016; -0.693161;
35.863478; 0.053574; -0.609131; -0.670990;
35.873490; 0.057831; -0.615433; -0.672195;
35.883503; 0.082718; -0.627121; -0.700500;
35.893515; 0.116074; -0.629227; -0.753967;
35.903527; 0.132339; -0.631516; -0.824860;
35.913539; 0.136154; -0.625565; -0.878876;
35.923551; 0.136963; -0.622314; -0.907028;
35.933563; 0.133194; -0.612442; -0.920898;
35.943575; 0.122177; -0.612228; -0.920807;
35.953588; 0.115738; -0.612961; -0.915680;
35.963600; 0.102097; -0.608017; -0.912964;
35.973612; 0.089355; -0.612122; -0.881973;
35.983624; 0.079803; -0.618805; -0.836899;
35.993636; 0.066513; -0.612427; -0.792740;
36.003648; 0.051682; -0.600357; -0.731934;
36.013660; 0.040405; -0.601456; -0.659683;
36.023673; 0.040543; -0.623550; -0.611221;
36.033685; 0.048965; -0.623505; -0.595398;
36.043697; 0.078506; -0.609360; -0.610519;
36.053709; 0.116928; -0.610306; -0.683914;
36.063721; 0.133789; -0.609039; -0.801041;
36.073733; 0.138031; -0.606628; -0.894684;
36.083745; 0.143158; -0.602112; -0.965042;
36.093758; 0.141373; -0.598221; -1.010437;
36.103770; 0.134933; -0.594391; -1.022125;
36.113782; 0.133453; -0.593872; -0.997696;
36.123794; 0.126480; -0.602859; -0.944534;
36.133806; 0.109589; -0.614471; -0.879517;
36.143818; 0.092545; -0.606659; -0.821640;
36.153830; 0.076233; -0.597748; -0.781693;
36.163843; 0.066147; -0.595062; -0.735214;
36.173855; 0.057785; -0.593735; -0.700043;
36.183867; 0.049957; -0.600449; -0.673096;
36.193879; 0.049454; -0.625778; -0.653961;
36.203891; 0.062012; -0.635010; -0.654221;
36.213903; 0.084030; -0.612274; -0.668762;
36.223915; 0.085190; -0.589188; -0.713470;
36.233928; 0.072342; -0.589981; -0.762405;
36.243940; 0.073532; -0.606125; -0.812698;
36.253952; 0.084778; -0.610596; -0.866409;
36.263964; 0.094879; -0.607849; -0.917450;
36.273976; 0.103790; -0.599976; -0.945465;
36.283988; 0.105850; -0.590744; -0.945038;
36.294000; 0.105957; -0.588882; -0.914169;
36.304013; 0.099915; -0.594711; -0.877518;
36.314025; 0.096161; -0.596527; -0.848114;
36.324037; 0.087860; -0.593079; -0.807449;
36.334049; 0.070465; -0.596725; -0.764526;
36.344061; 0.056107; -0.611282; -0.708054;
36.354073; 0.051987; -0.623672; -0.663071;
36.364085; 0.048523; -0.620544; -0.644638;
36.374097; 0.052399; -0.621796; -0.635406;
36.384110; 0.069061; -0.623260; -0.650055;
36.394122; 0.090317; -0.625946; -0.728851;
36.404134; 0.111603; -0.634186; -0.821518;
36.414146; 0.126724; -0.641800; -0.905151;
36.424160; 0.143051; -0.638184; -0.968063;
36.434172; 0.145889; -0.631531; -0.984833;
36.444184; 0.129547; -0.626099; -0.951202;
36.454197; 0.107117; -0.630325; -0.889313;
36.464209; 0.085663; -0.627747; -0.827560;
36.474221; 0.069534; -0.618378; -0.774857;
36.484233; 0.057556; -0.614548; -0.722015;
36.494245; 0.048187; -0.611572; -0.683960;
36.504257; 0.040817; -0.614044; -0.665054;
36.514269; 0.043106; -0.621246; -0.658020;
36.524282; 0.059235; -0.617050; -0.654724;
36.534294; 0.083023; -0.602982; -0.657578;
36.544306; 0.096329; -0.596802; -0.704483;
36.554318; 0.095139; -0.602600; -0.796707;
36.564330; 0.097839; -0.612885; -0.876923;
36.574342; 0.109848; -0.620422; -0.926666;
36.584355; 0.116028; -0.620255; -0.976608;
36.594367; 0.114670; -0.618866; -1.012970;
36.604379; 0.112534; -0.616287; -1.003448;
36.614391; 0.104446; -0.616043; -0.976212;
36.624403; 0.082520; -0.610489; -0.927490;
36.634415; 0.060608; -0.609680; -0.866104;
36.644427; 0.050140; -0.606979; -0.800415;
36.654439; 0.033386; -0.604736; -0.738007;
36.664452; 0.014236; -0.607620; -0.675781;
36.674464; -0.002747; -0.618469; -0.616638;
36.684476; -0.016815; -0.622986; -0.563446;
36.694488; -0.028778; -0.618866; -0.524963;
36.704500; -0.040268; -0.609741; -0.502075;
36.714512; -0.035507; -0.596817; -0.487518;
36.724524; -0.012268; -0.581970; -0.517059;
36.734537; 0.018845; -0.582550; -0.627274;
36.744549; 0.058640; -0.592697; -0.777649;
36.754561; 0.105331; -0.587509; -0.907669;
36.764573; 0.126328; -0.583282; -1.008652;
36.774585; 0.128586; -0.580383; -1.087723;
36.784597; 0.122742; -0.573318; -1.101486;
36.794609; 0.109436; -0.567978; -1.086655;
36.804622; 0.094116; -0.562317; -1.049683;
36.814634; 0.065048; -0.571823; -1.000351;
36.824646; 0.048538; -0.581055; -0.943024;
36.834658; 0.040558; -0.586624; -0.883942;
36.844670; 0.025772; -0.596451; -0.828842;
36.854682; 0.009399; -0.605286; -0.776291;
36.864694; 0.004150; -0.600906; -0.726562;
36.874707; -0.006836; -0.593948; -0.694031;
36.884719; -0.025406; -0.589371; -0.667145;
36.894731; -0.035583; -0.590408; -0.636154;
36.904743; -0.034943; -0.592087; -0.604919;
36.914755; -0.011536; -0.582550; -0.596786;
36.924767; 0.026352; -0.559509; -0.654083;
36.934779; 0.057526; -0.538940; -0.791092;
36.944792; 0.084396; -0.531723; -0.931427;
36.954804; 0.104126; -0.543671; -0.993591;
36.964816; 0.101501; -0.558334; -1.010040;
36.974828; 0.074295; -0.562927; -0.981796;
36.984840; 0.037079; -0.574722; -0.911606;
36.994852; 0.015076; -0.599670; -0.838547;
37.004864; 0.010818; -0.623535; -0.799530;
37.014877; 0.014954; -0.634308; -0.782715;
37.024889; 0.024963; -0.637512; -0.764252;
37.034901; 0.032654; -0.636902; -0.737030;
37.044913; 0.031250; -0.626617; -0.714188;
37.054925; 0.026123; -0.612579; -0.697968;
37.064937; 0.036194; -0.606659; -0.704193;
37.074949; 0.051773; -0.592072; -0.744186;
37.084962; 0.057877; -0.571136; -0.797104;
37.094974; 0.065964; -0.572769; -0.853516;
37.104986; 0.086929; -0.567017; -0.904663;
37.114998; 0.092438; -0.546585; -0.940430;
37.125010; 0.083267; -0.544205; -0.957291;
37.135022; 0.073151; -0.559418; -0.949203;
37.145034; 0.065582; -0.572769; -0.931976;
37.155047; 0.060196; -0.580704; -0.902267;
37.165059; 0.051300; -0.587540; -0.872131;
37.175071; 0.041626; -0.598755; -0.835464;
37.185083; 0.035004; -0.611847; -0.785721;
37.195095; 0.026016; -0.620514; -0.734970;
37.205107; 0.015701; -0.626450; -0.695404;
37.215119; 0.013321; -0.626038; -0.662460;
37.225132; 0.019958; -0.615845; -0.649429;
37.235144; 0.028717; -0.604126; -0.669449;
37.245156; 0.049408; -0.594421; -0.705231;
37.255168; 0.071686; -0.578827; -0.755203;
37.265180; 0.074615; -0.574448; -0.830673;
37.275192; 0.078278; -0.573257; -0.903046;
37.285204; 0.087006; -0.561737; -0.935623;
37.295217; 0.080582; -0.553238; -0.943802;
37.305229; 0.064835; -0.551498; -0.941986;
37.315241; 0.054443; -0.553665; -0.929962;
37.325253; 0.048782; -0.558060; -0.913589;
37.335265; 0.044022; -0.564804; -0.889832;
37.345277; 0.037781; -0.571930; -0.862473;
37.355289; 0.030273; -0.574203; -0.832336;
37.365302; 0.021988; -0.580414; -0.797882;
37.375314; 0.013214; -0.584686; -0.763809;
37.385326; 0.006577; -0.585098; -0.736435;
37.395338; 0.006958; -0.581055; -0.716354;
37.405350; 0.010162; -0.573883; -0.707214;
37.415362; 0.011871; -0.570496; -0.713715;
37.425378; 0.027359; -0.559738; -0.735107;
37.435390; 0.052841; -0.537781; -0.794495;
37.445402; 0.073639; -0.517838; -0.864365;
37.455414; 0.060349; -0.515579; -0.932709;
37.465426; 0.059372; -0.515198; -0.974838;
37.475438; 0.053665; -0.507324; -0.960815;
37.485450; 0.023300; -0.507248; -0.922272;
37.495463; 0.005875; -0.518188; -0.874710;
37.505475; 0.010376; -0.526077; -0.841675;
37.515487; 0.026550; -0.520355; -0.830811;
37.525499; 0.029312; -0.522537; -0.828018;
37.535511; 0.033905; -0.549942; -0.811111;
37.545523; 0.041992; -0.564377; -0.792465;
37.555535; 0.044525; -0.568039; -0.788254;
37.565547; 0.041092; -0.578003; -0.778320;
37.575560; 0.047424; -0.594177; -0.777542;
37.585572; 0.087189; -0.611862; -0.839081;
37.595584; 0.120697; -0.597290; -0.916733;
37.605596; 0.134262; -0.565201; -0.972366;
37.615608; 0.137375; -0.539078; -0.993439;
37.625620; 0.135391; -0.527283; -0.999435;
37.635633; 0.122192; -0.522171; -0.995285;
37.645645; 0.093613; -0.511322; -0.981110;
37.655657; 0.063431; -0.510574; -0.948318;
37.665669; 0.048050; -0.520660; -0.893646;
37.675681; 0.035538; -0.532120; -0.845978;
37.685693; 0.032883; -0.536041; -0.802231;
37.695705; 0.033112; -0.540634; -0.754547;
37.705717; 0.033829; -0.553772; -0.707275;
37.715730; 0.023911; -0.571045; -0.686478;
37.725742; 0.014114; -0.589691; -0.683426;
37.735754; 0.023193; -0.612915; -0.688721;
37.745766; 0.043671; -0.614395; -0.717453;
37.755778; 0.055740; -0.600952; -0.758865;
37.765790; 0.071365; -0.582428; -0.801483;
37.775802; 0.076385; -0.566559; -0.856522;
37.785815; 0.074738; -0.562668; -0.895859;
37.795827; 0.076370; -0.560257; -0.899963;
37.805839; 0.065292; -0.552933; -0.890579;
37.815851; 0.045090; -0.550659; -0.869537;
37.825863; 0.039047; -0.555145; -0.847565;
37.835875; 0.046661; -0.556274; -0.821091;
37.845888; 0.053802; -0.558258; -0.802490;
37.855900; 0.053162; -0.567383; -0.801025;
37.865912; 0.056061; -0.571396; -0.794342;
37.875924; 0.064804; -0.567917; -0.776199;
37.885936; 0.061905; -0.566833; -0.768814;
37.895948; 0.063202; -0.583847; -0.779434;
37.905960; 0.071808; -0.600601; -0.804947;
37.915973; 0.078003; -0.595764; -0.835648;
37.925985; 0.079269; -0.587952; -0.866989;
37.935997; 0.082718; -0.587997; -0.892853;
37.946009; 0.085617; -0.589981; -0.913071;
37.956021; 0.083023; -0.589081; -0.915207;
37.966033; 0.076340; -0.584106; -0.899658;
37.976045; 0.066513; -0.580154; -0.859421;
37.986058; 0.057663; -0.579681; -0.814484;
37.996070; 0.050919; -0.579590; -0.778900;
38.006082; 0.046310; -0.578430; -0.753296;
38.016094; 0.043396; -0.577896; -0.730164;
38.026106; 0.042282; -0.578384; -0.709396;
38.036118; 0.039963; -0.581894; -0.694000;
38.046130; 0.043015; -0.585342; -0.685684;
38.056143; 0.059814; -0.572479; -0.690811;
38.066155; 0.083710; -0.569641; -0.748566;
38.076167; 0.106522; -0.574982; -0.854156;
38.086179; 0.132004; -0.556717; -0.937134;
38.096191; 0.142532; -0.547913; -1.009018;
38.106203; 0.139282; -0.548798; -1.053345;
38.116215; 0.123779; -0.543152; -1.042297;
38.126228; 0.102036; -0.550873; -1.003784;
38.136240; 0.080734; -0.567551; -0.959366;
38.146252; 0.067017; -0.583694; -0.908035;
38.156264; 0.060013; -0.596375; -0.855911;
38.166276; 0.054688; -0.602585; -0.807327;
38.176288; 0.040482; -0.607437; -0.755249;
38.186300; 0.029053; -0.608566; -0.705032;
38.196313; 0.024048; -0.607483; -0.659683;
38.206325; 0.014450; -0.606400; -0.628174;
38.216337; 0.005554; -0.603043; -0.607849;
38.226349; 0.004364; -0.599640; -0.593796;
38.236361; 0.010529; -0.591187; -0.582550;
38.246373; 0.033859; -0.571732; -0.614426;
38.256385; 0.060791; -0.555603; -0.704300;
38.266398; 0.115326; -0.536270; -0.826630;
38.276410; 0.148132; -0.529648; -0.955750;
38.286422; 0.144196; -0.540359; -1.057465;
38.296434; 0.145142; -0.539825; -1.091095;
38.306446; 0.128235; -0.535690; -1.056732;
38.316458; 0.089890; -0.548248; -0.999619;
38.326470; 0.059570; -0.574142; -0.944839;
38.336483; 0.049164; -0.594788; -0.908295;
38.346495; 0.052002; -0.602142; -0.872253;
38.356507; 0.049164; -0.606277; -0.828430;
38.366519; 0.042038; -0.604721; -0.783295;
38.376531; 0.040771; -0.596375; -0.744598;
38.386543; 0.039902; -0.584961; -0.728760;
38.396555; 0.036285; -0.575058; -0.724457;
38.406568; 0.034561; -0.568649; -0.714783;
38.416580; 0.033554; -0.557922; -0.713409;
38.426588; 0.027359; -0.549026; -0.744598;
38.436600; 0.027374; -0.543427; -0.772675;
38.446612; 0.048676; -0.535660; -0.788071;
38.456624; 0.071899; -0.529327; -0.844635;
38.466636; 0.085876; -0.516098; -0.900635;
38.476649; 0.088043; -0.518158; -0.931503;
38.486661; 0.087006; -0.536926; -0.945511;
38.496673; 0.086349; -0.556107; -0.954880;
38.506685; 0.080124; -0.567932; -0.963409;
38.516697; 0.072952; -0.591309; -0.950790;
38.526709; 0.065842; -0.616394; -0.921005;
38.536721; 0.062302; -0.625778; -0.880966;
38.546734; 0.061996; -0.621552; -0.829453;
38.556746; 0.051361; -0.609161; -0.767731;
38.566758; 0.038330; -0.601990; -0.713135;
38.576770; 0.035126; -0.593353; -0.678558;
38.586782; 0.034592; -0.575516; -0.664810;
38.596794; 0.023972; -0.564407; -0.668686;
38.606807; 0.031555; -0.557831; -0.677353;
38.616819; 0.055008; -0.533157; -0.703888;
38.626831; 0.063477; -0.512604; -0.761429;
38.636843; 0.070984; -0.513596; -0.820251;
38.646855; 0.077194; -0.524673; -0.870926;
38.656867; 0.085831; -0.538712; -0.920547;
38.666879; 0.093628; -0.548828; -0.961182;
38.676892; 0.098663; -0.571655; -0.989639;
38.686904; 0.095612; -0.598938; -0.996246;
38.696916; 0.087494; -0.608597; -0.966522;
38.706928; 0.075119; -0.608063; -0.917542;
38.716940; 0.057434; -0.600708; -0.870285;
38.726952; 0.041687; -0.600327; -0.833832;
38.736964; 0.032745; -0.602905; -0.799500;
38.746977; 0.029404; -0.601074; -0.763504;
38.756989; 0.022675; -0.590607; -0.727859;
38.767001; 0.017288; -0.573303; -0.689789;
38.777013; 0.019394; -0.563492; -0.662460;
38.787025; 0.031754; -0.540802; -0.670380;
38.797037; 0.049149; -0.516861; -0.704102;
38.807049; 0.070602; -0.519424; -0.771088;
38.817062; 0.096039; -0.512634; -0.872513;
38.827074; 0.103333; -0.506805; -0.969894;
38.837086; 0.088821; -0.518738; -1.020386;
38.847098; 0.075439; -0.538422; -1.015808;
38.857110; 0.061600; -0.550323; -0.990387;
38.867122; 0.045212; -0.557495; -0.953568;
38.877134; 0.032425; -0.575546; -0.893784;
38.887147; 0.036591; -0.587234; -0.841858;
38.897159; 0.047440; -0.584320; -0.798920;
38.907171; 0.039551; -0.589996; -0.757095;
38.917183; 0.030777; -0.597946; -0.713165;
38.927195; 0.031586; -0.594910; -0.681244;
38.937207; 0.034180; -0.582291; -0.663452;
38.947219; 0.033340; -0.572952; -0.671646;
38.957232; 0.041061; -0.562759; -0.709335;
38.967244; 0.066910; -0.534348; -0.770737;
38.977256; 0.079178; -0.522018; -0.858932;
38.987268; 0.096451; -0.534973; -0.947845;
38.997280; 0.109146; -0.535507; -1.022369;
39.007292; 0.111801; -0.522934; -1.058701;
39.017304; 0.106384; -0.529617; -1.039078;
39.027317; 0.087738; -0.549530; -0.998032;
39.037329; 0.073929; -0.559570; -0.960754;
39.047341; 0.065750; -0.557816; -0.915909;
39.057353; 0.054474; -0.567398; -0.855209;
39.067365; 0.041443; -0.586716; -0.792725;
39.077377; 0.030075; -0.594803; -0.735947;
39.087389; 0.021271; -0.591949; -0.680618;
39.097402; 0.015152; -0.593872; -0.636688;
39.107414; 0.012527; -0.589767; -0.611343;
39.117426; 0.021561; -0.593338; -0.599823;
39.127438; 0.052094; -0.590820; -0.612762;
39.137450; 0.079254; -0.582413; -0.665680;
39.147462; 0.110565; -0.592529; -0.752731;
39.157474; 0.141708; -0.584412; -0.882278;
39.167487; 0.147430; -0.581940; -0.997879;
39.177499; 0.151703; -0.595901; -1.032471;
39.187511; 0.151917; -0.601105; -1.033417;
39.197523; 0.134750; -0.598343; -1.016083;
39.207535; 0.108414; -0.600662; -0.956726;
39.217547; 0.082962; -0.607391; -0.872467;
39.227560; 0.066742; -0.614304; -0.809540;
39.237572; 0.053635; -0.612015; -0.772568;
39.247584; 0.045166; -0.606506; -0.740173;
39.257596; 0.048248; -0.601364; -0.702164;
39.267608; 0.039719; -0.593124; -0.661209;
39.277620; 0.045853; -0.590714; -0.628571;
39.287632; 0.065536; -0.574997; -0.641617;
39.297645; 0.072327; -0.555908; -0.722931;
39.307657; 0.088943; -0.551041; -0.816666;
39.317669; 0.104080; -0.565475; -0.908356;
39.327681; 0.108490; -0.567108; -0.979431;
39.337693; 0.114029; -0.567596; -1.000763;
39.347705; 0.105164; -0.567032; -1.000977;
39.357717; 0.082153; -0.566559; -0.983429;
39.367730; 0.063568; -0.580795; -0.924835;
39.377742; 0.055130; -0.598267; -0.856720;
39.387754; 0.049408; -0.601761; -0.793213;
39.397766; 0.033646; -0.610840; -0.721085;
39.407778; 0.021545; -0.632782; -0.657043;
39.417790; 0.026581; -0.628052; -0.604111;
39.427802; 0.040558; -0.601761; -0.592407;
39.437815; 0.052475; -0.570312; -0.620392;
39.447827; 0.065048; -0.574188; -0.654266;
39.457839; 0.083328; -0.586502; -0.724686;
39.467851; 0.106857; -0.583786; -0.840973;
39.477863; 0.122345; -0.579010; -0.948730;
39.487875; 0.128937; -0.579086; -1.026901;
39.497887; 0.132126; -0.579163; -1.063782;
39.507900; 0.126526; -0.577255; -1.056702;
39.517912; 0.110138; -0.583420; -1.003494;
39.527924; 0.092133; -0.583557; -0.934860;
39.537936; 0.071320; -0.575470; -0.877426;
39.547948; 0.058243; -0.579330; -0.808777;
39.557960; 0.051712; -0.590225; -0.777908;
39.567972; 0.051743; -0.589188; -0.776810;
39.577985; 0.045013; -0.583618; -0.766586;
39.587997; 0.038544; -0.587891; -0.741928;
39.598009; 0.032028; -0.593689; -0.711090;
39.608021; 0.031723; -0.583328; -0.687088;
39.618033; 0.031372; -0.571884; -0.697540;
39.628045; 0.022110; -0.572815; -0.738358;
39.638058; 0.018768; -0.560760; -0.797699;
39.648070; 0.035461; -0.556213; -0.847076;
39.658082; 0.051300; -0.563553; -0.885864;
39.668094; 0.057755; -0.566772; -0.914597;
39.678106; 0.052505; -0.561935; -0.913712;
39.688118; 0.037003; -0.556229; -0.875687;
39.698130; 0.023712; -0.557373; -0.838013;
39.708143; 0.026901; -0.560074; -0.826462;
39.718155; 0.026184; -0.548035; -0.832596;
39.728167; 0.017319; -0.540817; -0.822815;
39.738179; 0.015533; -0.560608; -0.781464;
39.748191; 0.013107; -0.578644; -0.748840;
39.758203; 0.012054; -0.573837; -0.720856;
39.768215; 0.023453; -0.596634; -0.703369;
39.778228; 0.048874; -0.611954; -0.723770;
39.788240; 0.079742; -0.603394; -0.781387;
39.798252; 0.095673; -0.604721; -0.860321;
39.808264; 0.094147; -0.619766; -0.921890;
39.818276; 0.096878; -0.624817; -0.956406;
39.828288; 0.098358; -0.626144; -0.970642;
39.838300; 0.087097; -0.632889; -0.959000;
39.848313; 0.080856; -0.639008; -0.903275;
39.858325; 0.070801; -0.634399; -0.830795;
39.868337; 0.052673; -0.618835; -0.753647;
39.878349; 0.042892; -0.613449; -0.702484;
39.888361; 0.048615; -0.608124; -0.692932;
39.898373; 0.061066; -0.596985; -0.719040;
39.908385; 0.068497; -0.594818; -0.760254;
39.918398; 0.070129; -0.597168; -0.782120;
39.928410; 0.072250; -0.592590; -0.771851;
39.938422; 0.061066; -0.587143; -0.758087;
39.948434; 0.040466; -0.590515; -0.752304;
39.958446; 0.023010; -0.603195; -0.752274;
39.968458; 0.019821; -0.605621; -0.756363;
39.978470; 0.022476; -0.607803; -0.769592;
39.988483; 0.028427; -0.605209; -0.791336;
39.998495; 0.033524; -0.594437; -0.806717;
40.008507; 0.038361; -0.594299; -0.818924;
40.018519; 0.048798; -0.592865; -0.842484;
40.028531; 0.054276; -0.590134; -0.871033;
40.038543; 0.055832; -0.592560; -0.872238;
40.048555; 0.056747; -0.596497; -0.852280;
40.058568; 0.051849; -0.599030; -0.841476;
40.068580; 0.043488; -0.605789; -0.830109;
40.078592; 0.047211; -0.596359; -0.822052;
40.088604; 0.050323; -0.576462; -0.827148;
40.098616; 0.045258; -0.570709; -0.815247;
40.108628; 0.042618; -0.578323; -0.795502;
40.118641; 0.042282; -0.582809; -0.779587;
40.128653; 0.036316; -0.581940; -0.770660;
40.138665; 0.030807; -0.590439; -0.767578;
40.148677; 0.036392; -0.603058; -0.768814;
40.158689; 0.052917; -0.612747; -0.792465;
40.168701; 0.069382; -0.613220; -0.852875;
40.178713; 0.079102; -0.609695; -0.913467;
40.188726; 0.082077; -0.610535; -0.933990;
40.198738; 0.080063; -0.613632; -0.914124;
40.208750; 0.064697; -0.601166; -0.881531;
40.218762; 0.041611; -0.587067; -0.844864;
40.228774; 0.022141; -0.589569; -0.798172;
40.238786; 0.006165; -0.584030; -0.743073;
40.248798; -0.014191; -0.583740; -0.671509;
40.258811; -0.025223; -0.612915; -0.619690;
40.268823; -0.016190; -0.612244; -0.608459;
40.278835; 0.017761; -0.591415; -0.622681;
40.288847; 0.055481; -0.589127; -0.684586;
40.298859; 0.082947; -0.583679; -0.787216;
40.308871; 0.091965; -0.592575; -0.910248;
40.318883; 0.098694; -0.597763; -1.020126;
40.328896; 0.096619; -0.598160; -1.052826;
40.338908; 0.082718; -0.600113; -1.023285;
40.348920; 0.061981; -0.605804; -0.947479;
40.358932; 0.027145; -0.613068; -0.866272;
40.368944; 0.003799; -0.613770; -0.799316;
40.378956; 0.000092; -0.618683; -0.732834;
40.388968; -0.003433; -0.628082; -0.687149;
40.398981; 0.001831; -0.623322; -0.654358;
40.408993; 0.018997; -0.613678; -0.631729;
40.419005; 0.037369; -0.598694; -0.646408;
40.429017; 0.060547; -0.573318; -0.684204;
40.439029; 0.079224; -0.551514; -0.735321;
40.449041; 0.059189; -0.570465; -0.802002;
40.459054; 0.035431; -0.587372; -0.876801;
40.469066; 0.043930; -0.580276; -0.939468;
40.479078; 0.061707; -0.576721; -0.972336;
40.489090; 0.060562; -0.570023; -0.981903;
40.499102; 0.040329; -0.575317; -0.961258;
40.509114; 0.021820; -0.590195; -0.901535;
40.519126; 0.023056; -0.592270; -0.845078;
40.529139; 0.014313; -0.589981; -0.780197;
40.539151; -0.003677; -0.604630; -0.705215;
40.549163; -0.001480; -0.615692; -0.645828;
40.559175; 0.015045; -0.586853; -0.643036;
40.569187; 0.051697; -0.521469; -0.679657;
40.579199; 0.090530; -0.555450; -0.729782;
40.589211; 0.069229; -0.688644; -0.798035;
40.599224; 0.064850; -0.644409; -0.906158;
40.609236; 0.095734; -0.556198; -1.000519;
40.619248; 0.095154; -0.558548; -1.019363;
40.629260; 0.065155; -0.601868; -1.001266;
40.639272; 0.059036; -0.609741; -0.983536;
40.649284; 0.050735; -0.593643; -0.928101;
40.659296; 0.028137; -0.595062; -0.848175;
40.669309; 0.016251; -0.590424; -0.778442;
40.679321; 0.011581; -0.584930; -0.724777;
40.689333; -0.000183; -0.591705; -0.677765;
40.699345; -0.006561; -0.601974; -0.647995;
40.709357; 0.006912; -0.606903; -0.642166;
40.719369; 0.015350; -0.605164; -0.653488;
40.729382; 0.038010; -0.577515; -0.682251;
40.739394; 0.053543; -0.550888; -0.735107;
40.749406; 0.039352; -0.562698; -0.794373;
40.759418; 0.028442; -0.583801; -0.854904;
40.769430; 0.039688; -0.586639; -0.920898;
40.779442; 0.060318; -0.582626; -0.973129;
40.789454; 0.067688; -0.586884; -1.003632;
40.799467; 0.065353; -0.588531; -0.996078;
40.809479; 0.055710; -0.577881; -0.938080;
40.819491; 0.030914; -0.580063; -0.865936;
40.829503; 0.015808; -0.593445; -0.801880;
40.839515; 0.014420; -0.604156; -0.742279;
40.849527; 0.001007; -0.609375; -0.686768;
40.859539; -0.008270; -0.613754; -0.623886;
40.869552; 0.003281; -0.622314; -0.582123;
40.879564; 0.008499; -0.622116; -0.597153;
40.889576; 0.049194; -0.598984; -0.642685;
40.899588; 0.093216; -0.583969; -0.731705;
40.909600; 0.093872; -0.588257; -0.860092;
40.919612; 0.087860; -0.592133; -0.963501;
40.929624; 0.094040; -0.591217; -1.031097;
40.939637; 0.088791; -0.586304; -1.052200;
40.949649; 0.070435; -0.590012; -1.024185;
40.959661; 0.053757; -0.605927; -0.961121;
40.969673; 0.038940; -0.608215; -0.882599;
40.979685; 0.024002; -0.592026; -0.799393;
40.989697; 0.010269; -0.591721; -0.728363;
